rohan_plume/Data/plumes/1/CTET2020_MaxBelowRLM.ASC
ncols          200
nrows          150
xllcenter       564050.00
yllcenter       132850.00
cellsize      50.00
nodata_value      -1.00
[rows 100 to 119 of 150, columns 132 to 175 of 200]
0.67891630371E-01 0.57818827819E-01 0.47746025267E-01 0.47553599835E-01 0.47361174403E-01 0.47175283433E-01 0.46989392462E-01 0.46796133074E-01 0.46602873686E-01 0.46145358298E-01 0.45687842910E-01 0.43957215324E-01 0.42226587738E-01 0.39380966919E-01 0.36535346100E-01 0.33261992538E-01 0.29988638976E-01 0.26843359700E-01 0.23698080423E-01 0.21058446038E-01 0.18418811653E-01 0.16352161881E-01 0.14285512109E-01 0.12747445877E-01 0.11209379645E-01 0.10112287762E-01 0.90151958791E-02 0.82566523203E-02 0.74981087615E-02 0.69979385279E-02 0.64977682943E-02 0.62007726249E-02 0.59037769555E-02 0.57813067022E-02 0.56588364490E-02 0.56984851861E-02 0.57381339233E-02 0.58941151579E-02 0.60500963926E-02 0.62723716463E-02 0.64946469000E-02 0.68670413076E-02 0.72394357151E-02 0.78343611194E-02
0.47569343819E-01 0.46945393515E-01 0.46321443211E-01 0.45934290047E-01 0.45547136884E-01 0.45204090555E-01 0.44861044226E-01 0.44530002303E-01 0.44198960381E-01 0.43855386296E-01 0.43511812210E-01 0.42309706949E-01 0.41107601688E-01 0.38754799869E-01 0.36401998050E-01 0.33504816858E-01 0.30607635666E-01 0.27693918253E-01 0.24780200841E-01 0.22267151705E-01 0.19754102570E-01 0.17728939263E-01 0.15703775956E-01 0.14157201797E-01 0.12610627638E-01 0.11483893334E-01 0.10357159030E-01 0.95759747954E-02 0.87947905607E-02 0.82805589475E-02 0.77663273343E-02 0.74625488671E-02 0.71587703999E-02 0.70415909510E-02 0.69244115022E-02 0.69904904052E-02 0.70565693083E-02 0.72695967461E-02 0.74826241839E-02 0.77755140244E-02 0.80684038650E-02 0.85277084599E-02 0.89870130549E-02 0.96926928057E-02
0.46823536296E-01 0.46086704913E-01 0.45349873530E-01 0.44829585764E-01 0.44309297998E-01 0.43831053754E-01 0.43352809509E-01 0.42911143007E-01 0.42469476504E-01 0.42045981886E-01 0.41622487267E-01 0.40667921411E-01 0.39713355555E-01 0.37833299882E-01 0.35953244209E-01 0.33457668617E-01 0.30962093026E-01 0.28339678856E-01 0.25717264687E-01 0.23400202680E-01 0.21083140672E-01 0.19160422024E-01 0.17237703376E-01 0.15730804110E-01 0.14223904845E-01 0.13103761793E-01 0.11983618742E-01 0.11195506926E-01 0.10407395110E-01 0.98908763533E-02 0.93743575967E-02 0.90811986845E-02 0.87880397723E-02 0.87038802259E-02 0.86197206794E-02 0.87340479976E-02 0.88483753157E-02 0.91267999550E-02 0.94052245942E-02 0.97883466776E-02 0.10171468761E-01 0.10739380715E-01 0.11307292670E-01 0.12134645269E-01
0.46077728773E-01 0.45228016311E-01 0.44378303849E-01 0.43724881480E-01 0.43071459112E-01 0.42458016952E-01 0.41844574793E-01 0.41292283710E-01 0.40739992628E-01 0.40236577476E-01 0.39733162324E-01 0.39026135873E-01 0.38319109422E-01 0.36911799895E-01 0.35504490368E-01 0.33410520376E-01 0.31316550385E-01 0.28985439459E-01 0.26654328533E-01 0.24533253654E-01 0.22412178775E-01 0.20591904785E-01 0.18771630795E-01 0.17304406424E-01 0.15837182052E-01 0.14723630253E-01 0.13610078453E-01 0.12815039056E-01 0.12019999659E-01 0.11501193759E-01 0.10982387859E-01 0.10699848502E-01 0.10417309145E-01 0.10366169501E-01 0.10315029857E-01 0.10477605590E-01 0.10640181323E-01 0.10984003164E-01 0.11327825005E-01 0.11801179331E-01 0.12274533657E-01 0.12951052971E-01 0.13627572285E-01 0.14576597732E-01
0.45751188284E-01 0.44822565802E-01 0.43893943320E-01 0.43128412348E-01 0.42362881376E-01 0.41639132208E-01 0.40915383040E-01 0.40262203722E-01 0.39609024404E-01 0.39033480773E-01 0.38457937143E-01 0.37708983693E-01 0.36960030243E-01 0.35809215607E-01 0.34658400971E-01 0.32974532686E-01 0.31290664402E-01 0.29313226567E-01 0.27335788733E-01 0.25475519531E-01 0.23615250330E-01 0.21967989654E-01 0.20320728978E-01 0.18954476675E-01 0.17588224372E-01 0.16527557124E-01 0.15466889876E-01 0.14700722077E-01 0.13934554278E-01 0.13441509510E-01 0.12948464742E-01 0.12701459919E-01 0.12454455095E-01 0.12459452787E-01 0.12464450479E-01 0.12723566177E-01 0.12982681875E-01 0.13419297557E-01 0.13855913239E-01 0.14397124996E-01 0.14938336753E-01 0.15705202296E-01 0.16472067839E-01 0.17547738210E-01
0.45424647794E-01 0.44417115293E-01 0.43409582792E-01 0.42531943215E-01 0.41654303639E-01 0.40820247463E-01 0.39986191286E-01 0.39232123733E-01 0.38478056179E-01 0.37830384071E-01 0.37182711962E-01 0.36391831514E-01 0.35600951065E-01 0.34706631320E-01 0.33812311574E-01 0.32538544996E-01 0.31264778419E-01 0.29641013676E-01 0.28017248933E-01 0.26417785409E-01 0.24818321885E-01 0.23344074523E-01 0.21869827161E-01 0.20604546927E-01 0.19339266692E-01 0.18331483996E-01 0.17323701299E-01 0.16586405098E-01 0.15849108897E-01 0.15381825261E-01 0.14914541625E-01 0.14703071335E-01 0.14491601045E-01 0.14552736074E-01 0.14613871102E-01 0.14969526765E-01 0.15325182428E-01 0.15854591950E-01 0.16384001473E-01 0.16993070661E-01 0.17602139849E-01 0.18459351621E-01 0.19316563392E-01 0.20518878687E-01
0.45504015098E-01 0.44445814086E-01 0.43387613074E-01 0.42418562666E-01 0.41449512257E-01 0.40523897608E-01 0.39598282959E-01 0.38759628606E-01 0.37920974254E-01 0.37200143618E-01 0.36479312981E-01 0.35642823984E-01 0.34806334986E-01 0.33875428057E-01 0.32944521127E-01 0.31863783154E-01 0.30783045180E-01 0.29540762533E-01 0.28298479885E-01 0.27008199101E-01 0.25717918318E-01 0.24479763644E-01 0.23241608970E-01 0.22145939337E-01 0.21050269704E-01 0.20155318414E-01 0.19260367125E-01 0.18600207850E-01 0.17940048574E-01 0.17530695443E-01 0.17121342313E-01 0.16973609366E-01 0.16825876419E-01 0.16963424274E-01 0.17100972130E-01 0.17565414120E-01 0.18029856110E-01 0.18710582361E-01 0.19391308612E-01 0.20088129944E-01 0.20784951276E-01 0.21706552044E-01 0.22628152812E-01 0.23916763444E-01
0.45583382402E-01 0.44474512879E-01 0.43365643357E-01 0.42305182116E-01 0.41244720875E-01 0.40227547753E-01 0.39210374631E-01 0.38287133480E-01 0.37363892328E-01 0.36569903164E-01 0.35775914001E-01 0.34893816454E-01 0.34011718908E-01 0.33044224794E-01 0.32076730680E-01 0.31189021311E-01 0.30301311942E-01 0.29440511390E-01 0.28579710837E-01 0.27598612794E-01 0.26617514751E-01 0.25615452765E-01 0.24613390779E-01 0.23687331747E-01 0.22761272716E-01 0.21979152833E-01 0.21197032951E-01 0.20614010601E-01 0.20030988251E-01 0.19679565625E-01 0.19328143000E-01 0.19244147396E-01 0.19160151793E-01 0.19374112475E-01 0.19588073157E-01 0.20161301475E-01 0.20734529793E-01 0.21566572772E-01 0.22398615752E-01 0.23183189227E-01 0.23967762703E-01 0.24953752467E-01 0.25939742231E-01 0.27314648200E-01
0.46065331075E-01 0.44934921225E-01 0.43804511376E-01 0.42671508136E-01 0.41538504896E-01 0.40444878949E-01 0.39351253003E-01 0.38355376095E-01 0.37359499188E-01 0.36493816627E-01 0.35628134066E-01 0.34685969994E-01 0.33743805923E-01 0.32742501626E-01 0.31741197329E-01 0.30846822490E-01 0.29952447651E-01 0.29198157671E-01 0.28443867690E-01 0.27739550741E-01 0.27035233791E-01 0.26309316776E-01 0.25583399760E-01 0.24881426384E-01 0.24179453007E-01 0.23573062259E-01 0.22966671511E-01 0.22517808145E-01 0.22068944778E-01 0.21820140767E-01 0.21571336756E-01 0.21577516104E-01 0.21583695452E-01 0.21882678666E-01 0.22181661879E-01 0.22848540888E-01 0.23515419897E-01 0.24463228291E-01 0.25411036686E-01 0.26332646806E-01 0.27254256927E-01 0.28331572179E-01 0.29408887430E-01 0.30801728665E-01
0.46547279748E-01 0.45395329572E-01 0.44243379395E-01 0.43037834156E-01 0.41832288916E-01 0.40662210146E-01 0.39492131375E-01 0.38423618711E-01 0.37355106048E-01 0.36417730090E-01 0.35480354132E-01 0.34478123535E-01 0.33475892938E-01 0.32440778458E-01 0.31405663978E-01 0.30504623670E-01 0.29603583361E-01 0.28955803952E-01 0.28308024543E-01 0.27880488687E-01 0.27452952832E-01 0.27003180786E-01 0.26553408740E-01 0.26075521020E-01 0.25597633299E-01 0.25166971685E-01 0.24736310072E-01 0.24421605689E-01 0.24106901305E-01 0.23960715908E-01 0.23814530511E-01 0.23910884811E-01 0.24007239111E-01 0.24391244856E-01 0.24775250601E-01 0.25535780301E-01 0.26296310001E-01 0.27359883810E-01 0.28423457620E-01 0.29482104385E-01 0.30540751151E-01 0.31709391890E-01 0.32878032629E-01 0.34288809129E-01
0.47497276355E-01 0.46322305213E-01 0.45147334070E-01 0.43890215081E-01 0.42633096092E-01 0.41402599854E-01 0.40172103616E-01 0.39043023129E-01 0.37913942641E-01 0.36902603747E-01 0.35891264854E-01 0.34822001902E-01 0.33752738950E-01 0.32689402803E-01 0.31626066656E-01 0.30712464802E-01 0.29798862948E-01 0.29153558508E-01 0.28508254069E-01 0.28082694640E-01 0.27657135212E-01 0.27324059733E-01 0.26990984255E-01 0.26733352945E-01 0.26475721635E-01 0.26262427026E-01 0.26049132417E-01 0.25917879701E-01 0.25786626984E-01 0.25799620862E-01 0.25812614739E-01 0.26050358933E-01 0.26288103127E-01 0.26794294975E-01 0.27300486823E-01 0.28134984138E-01 0.28969481454E-01 0.30057920274E-01 0.31146359095E-01 0.32265118749E-01 0.33383878403E-01 0.34598742515E-01 0.35813606628E-01 0.37122040821E-01
0.48447272962E-01 0.47249280854E-01 0.46051288746E-01 0.44742596007E-01 0.43433903269E-01 0.42142989563E-01 0.40852075858E-01 0.39662427546E-01 0.38472779234E-01 0.37387477405E-01 0.36302175576E-01 0.35165880270E-01 0.34029584963E-01 0.32938027149E-01 0.31846469334E-01 0.30920305934E-01 0.29994142535E-01 0.29351313065E-01 0.28708483594E-01 0.28284900593E-01 0.27861317592E-01 0.27644938681E-01 0.27428559769E-01 0.27391184870E-01 0.27353809972E-01 0.27357882367E-01 0.27361954762E-01 0.27414153713E-01 0.27466352663E-01 0.27638525815E-01 0.27810698967E-01 0.28189833054E-01 0.28568967142E-01 0.29197345093E-01 0.29825723044E-01 0.30734187975E-01 0.31642652906E-01 0.32755956738E-01 0.33869260569E-01 0.35048133112E-01 0.36227005655E-01 0.37488093141E-01 0.38749180627E-01 0.39955272512E-01
0.49901365727E-01 0.48688117350E-01 0.47474868973E-01 0.46142145591E-01 0.44809422208E-01 0.43476900771E-01 0.42144379334E-01 0.40906337666E-01 0.39668295998E-01 0.38508759200E-01 0.37349222402E-01 0.36147817654E-01 0.34946412907E-01 0.33804256780E-01 0.32662100653E-01 0.31712953219E-01 0.30763805784E-01 0.30099302294E-01 0.29434798804E-01 0.28988212319E-01 0.28541625833E-01 0.28305050652E-01 0.28068475470E-01 0.28016727521E-01 0.27964979572E-01 0.28023120258E-01 0.28081260945E-01 0.28250355401E-01 0.28419449858E-01 0.28744037620E-01 0.29068625382E-01 0.29598660361E-01 0.30128695339E-01 0.30878034061E-01 0.31627372784E-01 0.32550378579E-01 0.33473384373E-01 0.34530180940E-01 0.35586977506E-01 0.36693533393E-01 0.37800089280E-01 0.38957298265E-01 0.40114507250E-01 0.41117593784E-01
0.51355458492E-01 0.50126953847E-01 0.48898449201E-01 0.47541695174E-01 0.46184941147E-01 0.44810811979E-01 0.43436682811E-01 0.42150247786E-01 0.40863812762E-01 0.39630040995E-01 0.38396269228E-01 0.37129755039E-01 0.35863240850E-01 0.34670486411E-01 0.33477731973E-01 0.32505600503E-01 0.31533469033E-01 0.30847291524E-01 0.30161114015E-01 0.29691524044E-01 0.29221934074E-01 0.28965162623E-01 0.28708391172E-01 0.28642270172E-01 0.28576149171E-01 0.28688358149E-01 0.28800567127E-01 0.29086557090E-01 0.29372547052E-01 0.29849549425E-01 0.30326551798E-01 0.31007487667E-01 0.31688423536E-01 0.32558723030E-01 0.33429022523E-01 0.34366569182E-01 0.35304115840E-01 0.36304405142E-01 0.37304694443E-01 0.38338933674E-01 0.39373172905E-01 0.40426503390E-01 0.41479833874E-01 0.42279915057E-01
0.53267057950E-01 0.52062662043E-01 0.50858266135E-01 0.49505141517E-01 0.48152016899E-01 0.46763035281E-01 0.45374053662E-01 0.44073299397E-01 0.42772545131E-01 0.41464960519E-01 0.40157375907E-01 0.38809068779E-01 0.37460761651E-01 0.36214679437E-01 0.34968597223E-01 0.33961957419E-01 0.32955317615E-01 0.32217636522E-01 0.31479955430E-01 0.30956446104E-01 0.30432936779E-01 0.30131699841E-01 0.29830462904E-01 0.29729773032E-01 0.29629083160E-01 0.29710770631E-01 0.29792458101E-01 0.30053591268E-01 0.30314724435E-01 0.30773712138E-01 0.31232699840E-01 0.31899883900E-01 0.32567067960E-01 0.33403269119E-01 0.34239470277E-01 0.35119130112E-01 0.35998789947E-01 0.36912475617E-01 0.37826161287E-01 0.38762729567E-01 0.39699297847E-01 0.40654244546E-01 0.41609191245E-01 0.42374317552E-01
0.55178657408E-01 0.53998370239E-01 0.52818083069E-01 0.51468587861E-01 0.50119092652E-01 0.48715258583E-01 0.47311424514E-01 0.45996351007E-01 0.44681277501E-01 0.43299880044E-01 0.41918482587E-01 0.40488382519E-01 0.39058282452E-01 0.37758872462E-01 0.36459462473E-01 0.35418314335E-01 0.34377166197E-01 0.33587981521E-01 0.32798796846E-01 0.32221368164E-01 0.31643939483E-01 0.31298237060E-01 0.30952534636E-01 0.30817275893E-01 0.30682017149E-01 0.30733183112E-01 0.30784349075E-01 0.31020625446E-01 0.31256901817E-01 0.31697874850E-01 0.32138847883E-01 0.32792280134E-01 0.33445712385E-01 0.34247815208E-01 0.35049918031E-01 0.35871691042E-01 0.36693464053E-01 0.37520546092E-01 0.38347628131E-01 0.39186525460E-01 0.40025422790E-01 0.40881985702E-01 0.41738548615E-01 0.42468720047E-01
0.57462734575E-01 0.56358619634E-01 0.55254504692E-01 0.53965042868E-01 0.52675581044E-01 0.51321798469E-01 0.49968015894E-01 0.48645341607E-01 0.47322667320E-01 0.45865683656E-01 0.44408699991E-01 0.42896806035E-01 0.41384912078E-01 0.40034785501E-01 0.38684658923E-01 0.37592057506E-01 0.36499456089E-01 0.35632260841E-01 0.34765065594E-01 0.34108917433E-01 0.33452769272E-01 0.33031967190E-01 0.32611165108E-01 0.32409179388E-01 0.32207193667E-01 0.32208461083E-01 0.32209728499E-01 0.32403989290E-01 0.32598250080E-01 0.32979274465E-01 0.33360298849E-01 0.33932545069E-01 0.34504791289E-01 0.35228481561E-01 0.35952171832E-01 0.36694186851E-01 0.37436201870E-01 0.38179169325E-01 0.38922136781E-01 0.39673272117E-01 0.40424407453E-01 0.41185653945E-01 0.41946900438E-01 0.42613281236E-01
0.59746811741E-01 0.58718869028E-01 0.57690926315E-01 0.56461497875E-01 0.55232069436E-01 0.53928338354E-01 0.52624607273E-01 0.51294332206E-01 0.49964057139E-01 0.48431487267E-01 0.46898917396E-01 0.45305229550E-01 0.43711541705E-01 0.42310698539E-01 0.40909855373E-01 0.39765800677E-01 0.38621745980E-01 0.37676540161E-01 0.36731334342E-01 0.35996466701E-01 0.35261599060E-01 0.34765697320E-01 0.34269795580E-01 0.34001082882E-01 0.33732370184E-01 0.33683739054E-01 0.33635107923E-01 0.33787353133E-01 0.33939598343E-01 0.34260674079E-01 0.34581749816E-01 0.35072810004E-01 0.35563870193E-01 0.36209147913E-01 0.36854425633E-01 0.37516682660E-01 0.38178939687E-01 0.38837792559E-01 0.39496645431E-01 0.40160018774E-01 0.40823392116E-01 0.41489322188E-01 0.42155252261E-01 0.42757842425E-01
0.62371176784E-01 0.61494487222E-01 0.60617797659E-01 0.59515027015E-01 0.58412256371E-01 0.57209847215E-01 0.56007438059E-01 0.54653058306E-01 0.53298678554E-01 0.51702893789E-01 0.50107109025E-01 0.48472721153E-01 0.46838333282E-01 0.45387862987E-01 0.43937392692E-01 0.42703840701E-01 0.41470288710E-01 0.40422898861E-01 0.39375509012E-01 0.38534938757E-01 0.37694368503E-01 0.37096946670E-01 0.36499524837E-01 0.36134935062E-01 0.35770345287E-01 0.35619303946E-01 0.35468262606E-01 0.35516440316E-01 0.35564618026E-01 0.35784164453E-01 0.36003710881E-01 0.36396115188E-01 0.36788519495E-01 0.37339113929E-01 0.37889708363E-01 0.38459697805E-01 0.39029687246E-01 0.39597445493E-01 0.40165203739E-01 0.40735072260E-01 0.41304940780E-01 0.41866610205E-01 0.42428279630E-01 0.42939568407E-01
0.64995541826E-01 0.64270105415E-01 0.63544669003E-01 0.62568556155E-01 0.61592443307E-01 0.60491356075E-01 0.59390268844E-01 0.58011784406E-01 0.56633299968E-01 0.54974300312E-01 0.53315300655E-01 0.51640212757E-01 0.49965124858E-01 0.48465027435E-01 0.46964930012E-01 0.45641880726E-01 0.44318831439E-01 0.43169257560E-01 0.42019683681E-01 0.41073410813E-01 0.40127137945E-01 0.39428196020E-01 0.38729254094E-01 0.38268787242E-01 0.37808320390E-01 0.37554868839E-01 0.37301417288E-01 0.37245527499E-01 0.37189637709E-01 0.37307654827E-01 0.37425671945E-01 0.37719420371E-01 0.38013168796E-01 0.38469079944E-01 0.38924991092E-01 0.39402712949E-01 0.39880434806E-01 0.40357098427E-01 0.40833762048E-01 0.41310125746E-01 0.41786489444E-01 0.42243898221E-01 0.42701306999E-01 0.43121294389E-01
