rohan_plume/Data/plumes/1/CTET2020_MaxFootPrint.ASC
ncols          200
nrows          150
xllcenter       564050.00
yllcenter       132850.00
cellsize      50.00
nodata_value      -1.00
[rows 100 to 119 of 150, columns 88 to 131 of 200]
0.65853999124E+02 0.58193415598E+02 0.50532832071E+02 0.42100024542E+02 0.41788438392E+02 0.42164878302E+02 0.42541318212E+02 0.40666157058E+02 0.38790995904E+02 0.34580178723E+02 0.32056551034E+02 0.25402228781E+02 0.20187614291E+02 0.17008096913E+02 0.13828579536E+02 0.13005505343E+02 0.12182431151E+02 0.11179126811E+02 0.10175822472E+02 0.91407029906E+01 0.81055835097E+01 0.74141915923E+01 0.67227996749E+01 0.63331851305E+01 0.59435705862E+01 0.46191248864E+01 0.35886154547E+01 0.32675802394E+01 0.29465450241E+01 0.29016888715E+01 0.28568327188E+01 0.27949577864E+01 0.27676445214E+01 0.26927825494E+01 0.26179205774E+01 0.24286310015E+01 0.22393414256E+01 0.19131826907E+01 0.15870239557E+01 0.15799959135E+01 0.15740454089E+01 0.16493161644E+01 0.17245869200E+01 0.17424137361E+01
0.57054366987E+02 0.50397677595E+02 0.43740988203E+02 0.37011945935E+02 0.35695775172E+02 0.36536678755E+02 0.37377582339E+02 0.36431211207E+02 0.35484840075E+02 0.32164266507E+02 0.29200247901E+02 0.24172204511E+02 0.19500716083E+02 0.16035618306E+02 0.12570520530E+02 0.11786394357E+02 0.11002268184E+02 0.10079243657E+02 0.91562191304E+01 0.85030220406E+01 0.78753953393E+01 0.71249991646E+01 0.63746029899E+01 0.59890071219E+01 0.57282140556E+01 0.45901868329E+01 0.36132550222E+01 0.33007639513E+01 0.29882728804E+01 0.29548672307E+01 0.29214615809E+01 0.29155877974E+01 0.29097140138E+01 0.27860293710E+01 0.27450551611E+01 0.24129851880E+01 0.20809152150E+01 0.18153743457E+01 0.15541004750E+01 0.15661750178E+01 0.15782495606E+01 0.16574872737E+01 0.17367249868E+01 0.17354909867E+01
0.47938874396E+02 0.41012165954E+02 0.34085457512E+02 0.28579020054E+02 0.30045891105E+02 0.31174446765E+02 0.32303002424E+02 0.31979289991E+02 0.31655577558E+02 0.29175510985E+02 0.26695444412E+02 0.22757269749E+02 0.18819095085E+02 0.15513544598E+02 0.12207994111E+02 0.11146757178E+02 0.10085520245E+02 0.92154150672E+01 0.84766437334E+01 0.80607808588E+01 0.76449179843E+01 0.70643615096E+01 0.64838050348E+01 0.60247116278E+01 0.55656182207E+01 0.46898271945E+01 0.38140361683E+01 0.34749609074E+01 0.31358856464E+01 0.30844388774E+01 0.30329921085E+01 0.30188645707E+01 0.30047370329E+01 0.27223189420E+01 0.25385483066E+01 0.22295042486E+01 0.20191076459E+01 0.17616392417E+01 0.15041708375E+01 0.15804011409E+01 0.16566314443E+01 0.17031607210E+01 0.17496899978E+01 0.17329986458E+01
0.38823381805E+02 0.31626654313E+02 0.24429926821E+02 0.21778475698E+02 0.24396007039E+02 0.25812214774E+02 0.27228422509E+02 0.27527368775E+02 0.27826315041E+02 0.26186755463E+02 0.24547195886E+02 0.21342334987E+02 0.18137474087E+02 0.14991470889E+02 0.11845467691E+02 0.10507119998E+02 0.91687723052E+01 0.83515864772E+01 0.78226387248E+01 0.76185396771E+01 0.74144406293E+01 0.70037238545E+01 0.65930070797E+01 0.60785624388E+01 0.55641177978E+01 0.47894675562E+01 0.40148173145E+01 0.36491578634E+01 0.32834984124E+01 0.32140105242E+01 0.31445226360E+01 0.31221413440E+01 0.30997600520E+01 0.28278782587E+01 0.25559964655E+01 0.22587817705E+01 0.19615670754E+01 0.17079041378E+01 0.14542412001E+01 0.15946272641E+01 0.17350133280E+01 0.17488341684E+01 0.17946214655E+01 0.17305063050E+01
0.32820932801E+02 0.26196109989E+02 0.19571287176E+02 0.17475083665E+02 0.19964616060E+02 0.21681555760E+02 0.23398495460E+02 0.24059418033E+02 0.24720340607E+02 0.23569443071E+02 0.22418545535E+02 0.19799073247E+02 0.17179600960E+02 0.14278728121E+02 0.11377855282E+02 0.98872655843E+01 0.83966758863E+01 0.75765519933E+01 0.72370498458E+01 0.71198942425E+01 0.70027386391E+01 0.66931514343E+01 0.63835642296E+01 0.58785228383E+01 0.53734814469E+01 0.46749153532E+01 0.39763492595E+01 0.36382339267E+01 0.33001185939E+01 0.32318806519E+01 0.31636427099E+01 0.30791110817E+01 0.29945794536E+01 0.27180361529E+01 0.24414928523E+01 0.21293565740E+01 0.18172202958E+01 0.15582734570E+01 0.12993266182E+01 0.14848638805E+01 0.16704011428E+01 0.17085857000E+01 0.17467702571E+01 0.17163909380E+01
0.26818483798E+02 0.20765565665E+02 0.15633580229E+02 0.13246182014E+02 0.15533225081E+02 0.17550896746E+02 0.19568568410E+02 0.20591467292E+02 0.21614366173E+02 0.20952130678E+02 0.20289895183E+02 0.18255811508E+02 0.16221727833E+02 0.13565985353E+02 0.10910242873E+02 0.92674111702E+01 0.76245794675E+01 0.69617220389E+01 0.66514609668E+01 0.66212488078E+01 0.65910366488E+01 0.63825790142E+01 0.61741213795E+01 0.56784832378E+01 0.51828450961E+01 0.45603631503E+01 0.39791708761E+01 0.36273099900E+01 0.33167387754E+01 0.32497507796E+01 0.31827627838E+01 0.30360808195E+01 0.28893988552E+01 0.26081940471E+01 0.23269892391E+01 0.19999313776E+01 0.16728735162E+01 0.14086427763E+01 0.11444120364E+01 0.13751004970E+01 0.16057889576E+01 0.16683372315E+01 0.17308855055E+01 0.17022755710E+01
0.23589143607E+02 0.18578294026E+02 0.13567444445E+02 0.12118818348E+02 0.13152379975E+02 0.15116708196E+02 0.17081036416E+02 0.18093104623E+02 0.19105172829E+02 0.18793434129E+02 0.18481695430E+02 0.17054869000E+02 0.15628042570E+02 0.13295466079E+02 0.10962889588E+02 0.92085931480E+01 0.74542967077E+01 0.69026854916E+01 0.65046375764E+01 0.64082499010E+01 0.63718977409E+01 0.63597071489E+01 0.63475165569E+01 0.58176247780E+01 0.52877329992E+01 0.47596601500E+01 0.42315873009E+01 0.37047744945E+01 0.31779616882E+01 0.27685213146E+01 0.26677274558E+01 0.25231355456E+01 0.23785436353E+01 0.21566032844E+01 0.19346629334E+01 0.16732303532E+01 0.14117977731E+01 0.12003412856E+01 0.98888479823E+00 0.12089377812E+01 0.14289907641E+01 0.15498804268E+01 0.16707700894E+01 0.16062113711E+01
0.20359803416E+02 0.16391022387E+02 0.12833318334E+02 0.11646224238E+02 0.10771534869E+02 0.12682519646E+02 0.14593504422E+02 0.15594741953E+02 0.16595979484E+02 0.16634737580E+02 0.16673495676E+02 0.15853926492E+02 0.15034357307E+02 0.13024946806E+02 0.11015536304E+02 0.91497751259E+01 0.73294837024E+01 0.68436489442E+01 0.63786077539E+01 0.65510746395E+01 0.67235415251E+01 0.66722493353E+01 0.66209571455E+01 0.60387927571E+01 0.54566283688E+01 0.49703160472E+01 0.44840037257E+01 0.39432257006E+01 0.34024476754E+01 0.29088620784E+01 0.24152764815E+01 0.20876275582E+01 0.18676884154E+01 0.17050125216E+01 0.15423366278E+01 0.13465293289E+01 0.11507220300E+01 0.99203979502E+00 0.83335756010E+00 0.10427750653E+01 0.12521925706E+01 0.14314236220E+01 0.16106546734E+01 0.15101471712E+01
0.18638194293E+02 0.15622511692E+02 0.13019011224E+02 0.12003517645E+02 0.10988024066E+02 0.11491803780E+02 0.13140536538E+02 0.14042959326E+02 0.14945382114E+02 0.15115110619E+02 0.15284839125E+02 0.14826578818E+02 0.14368318512E+02 0.12756551890E+02 0.11144785268E+02 0.94723127065E+01 0.77998401449E+01 0.68608704642E+01 0.64567066395E+01 0.65291761139E+01 0.66016455883E+01 0.64526054964E+01 0.63035654045E+01 0.58649611676E+01 0.54263569307E+01 0.49517578005E+01 0.44771586704E+01 0.39884047215E+01 0.34996507726E+01 0.30761318571E+01 0.26526129417E+01 0.23016461824E+01 0.19506794232E+01 0.16478941858E+01 0.13451089483E+01 0.11013401158E+01 0.87988891618E+00 0.77095399225E+00 0.66201906833E+00 0.83277917505E+00 0.10035392818E+01 0.11865197087E+01 0.13695001356E+01 0.12508130119E+01
0.16916585170E+02 0.14854000997E+02 0.13204704113E+02 0.12360811052E+02 0.11516917991E+02 0.11422170531E+02 0.11687568654E+02 0.12491176698E+02 0.13294784743E+02 0.13595483658E+02 0.13896182573E+02 0.13799231145E+02 0.13702279717E+02 0.12488156975E+02 0.11274034232E+02 0.97948502872E+01 0.83156663419E+01 0.69188316730E+01 0.65348055250E+01 0.65072775883E+01 0.64797496515E+01 0.62329616575E+01 0.59861736635E+01 0.56911295780E+01 0.53960854925E+01 0.49331995538E+01 0.44703136151E+01 0.40335837424E+01 0.35968538697E+01 0.32434016358E+01 0.28899494019E+01 0.25156648067E+01 0.21413802116E+01 0.18014452301E+01 0.14615102487E+01 0.11957131651E+01 0.92991608144E+00 0.74384157813E+00 0.55776707482E+00 0.62278328475E+00 0.75488599295E+00 0.94161579536E+00 0.11283455978E+01 0.99147885248E+00
0.15403862941E+02 0.13980960193E+02 0.12664425682E+02 0.12076001801E+02 0.11487577921E+02 0.11375527356E+02 0.11263476792E+02 0.11747702737E+02 0.12253681904E+02 0.12677000891E+02 0.13100319879E+02 0.13148513708E+02 0.13196707538E+02 0.12243170119E+02 0.11289632700E+02 0.99855002512E+01 0.86813678022E+01 0.73107266973E+01 0.63927477237E+01 0.62804529263E+01 0.61681581290E+01 0.58686444971E+01 0.55691308652E+01 0.53387839875E+01 0.51084371099E+01 0.47646399652E+01 0.44208428206E+01 0.40861377619E+01 0.37514327032E+01 0.34445322994E+01 0.31376318956E+01 0.27769729579E+01 0.24163140201E+01 0.20729032921E+01 0.17294925640E+01 0.14470654708E+01 0.11646383777E+01 0.95286714552E+00 0.74109591338E+00 0.65097878894E+00 0.56086166449E+00 0.68744622966E+00 0.83647424404E+00 0.73871974368E+00
0.13891140713E+02 0.13107919388E+02 0.12324698063E+02 0.11791192550E+02 0.11458237851E+02 0.11328884181E+02 0.11199530512E+02 0.11538768143E+02 0.11878005775E+02 0.12061588123E+02 0.12304457184E+02 0.12497796272E+02 0.12691135359E+02 0.11998183264E+02 0.11305231168E+02 0.10176150215E+02 0.90470692625E+01 0.77026217216E+01 0.63581741807E+01 0.60536282644E+01 0.58565666065E+01 0.55043273367E+01 0.51520880669E+01 0.49864383971E+01 0.48207887272E+01 0.45960803766E+01 0.43713720260E+01 0.41386917813E+01 0.39060115366E+01 0.36456629630E+01 0.33853143894E+01 0.30382811090E+01 0.26912478286E+01 0.23443613540E+01 0.19974748794E+01 0.16984177766E+01 0.13993606739E+01 0.11618927129E+01 0.92442475194E+00 0.76839686710E+00 0.61236898225E+00 0.60489059274E+00 0.59741220323E+00 0.55497357259E+00
0.12591794134E+02 0.12124680723E+02 0.11657567311E+02 0.11123770643E+02 0.10595931823E+02 0.10520818317E+02 0.10445704811E+02 0.10676331174E+02 0.10906957536E+02 0.11047847964E+02 0.11415707052E+02 0.11785754348E+02 0.12155801643E+02 0.11727702403E+02 0.11299603163E+02 0.10342556504E+02 0.93855098445E+01 0.81145306433E+01 0.68435514421E+01 0.60242778669E+01 0.59145440525E+01 0.54443021521E+01 0.49740602516E+01 0.47236275048E+01 0.44731947580E+01 0.42950565133E+01 0.41169182686E+01 0.39294918950E+01 0.37420655214E+01 0.35181120048E+01 0.32941584881E+01 0.29924686479E+01 0.26907788078E+01 0.23863088259E+01 0.20818388441E+01 0.18073785760E+01 0.15329183079E+01 0.13029954574E+01 0.10730726068E+01 0.90467498160E+00 0.73627735639E+00 0.67535526038E+00 0.61443316437E+00 0.55721048598E+00
0.11292447554E+02 0.11141442057E+02 0.10990436559E+02 0.10584244680E+02 0.10178052800E+02 0.97127524531E+01 0.96918791112E+01 0.98138942039E+01 0.99359092967E+01 0.10034107804E+02 0.10526956920E+02 0.11073712424E+02 0.11620467928E+02 0.11457221543E+02 0.11293975158E+02 0.10508962792E+02 0.97239504266E+01 0.85264395650E+01 0.73289287035E+01 0.62230253920E+01 0.59725214986E+01 0.53842769674E+01 0.47960324363E+01 0.44608166125E+01 0.41256007888E+01 0.39940326500E+01 0.38624645112E+01 0.37202920087E+01 0.35781195063E+01 0.33905610465E+01 0.32030025868E+01 0.29466561868E+01 0.26903097869E+01 0.24282562979E+01 0.21662028089E+01 0.19163393754E+01 0.16664759420E+01 0.14440982018E+01 0.12217204617E+01 0.10409530961E+01 0.86018573053E+00 0.74581992802E+00 0.63145412551E+00 0.55944739936E+00
0.96976314195E+01 0.95946509824E+01 0.94916705453E+01 0.91397146975E+01 0.87877588498E+01 0.84513234856E+01 0.84298636871E+01 0.84480922944E+01 0.84663209016E+01 0.84310291519E+01 0.83957374021E+01 0.87950059233E+01 0.92541763267E+01 0.92075730771E+01 0.91609698275E+01 0.85932804526E+01 0.80255910776E+01 0.71366284243E+01 0.62476657709E+01 0.57297726988E+01 0.57294664115E+01 0.53371880602E+01 0.49449097089E+01 0.44734022197E+01 0.40018947305E+01 0.38357286539E+01 0.36695625774E+01 0.35916988137E+01 0.35138350499E+01 0.33881433900E+01 0.32624517300E+01 0.30720704578E+01 0.28816891857E+01 0.26777089675E+01 0.24737287493E+01 0.22535098227E+01 0.20332908960E+01 0.18140014237E+01 0.15947119514E+01 0.13962404771E+01 0.11977690028E+01 0.10435852343E+01 0.88940146581E+00 0.77230830359E+00
0.81028152848E+01 0.80478599080E+01 0.79929045312E+01 0.76951847155E+01 0.73974648998E+01 0.71898945181E+01 0.71678482631E+01 0.70822903848E+01 0.69967325066E+01 0.68279504997E+01 0.66591684928E+01 0.65162994226E+01 0.68878847259E+01 0.69579246113E+01 0.70279644968E+01 0.66775981127E+01 0.63272317287E+01 0.57468172835E+01 0.54428245322E+01 0.54646179283E+01 0.54864113244E+01 0.52900991529E+01 0.50937869815E+01 0.44859878268E+01 0.38781886722E+01 0.36774246579E+01 0.34766606436E+01 0.34631056186E+01 0.34495505936E+01 0.33857257334E+01 0.33219008732E+01 0.31974847289E+01 0.30730685846E+01 0.29271616371E+01 0.27812546897E+01 0.25906802699E+01 0.24001058501E+01 0.21839046456E+01 0.19677034412E+01 0.17515278581E+01 0.15353522750E+01 0.13413505406E+01 0.11473488061E+01 0.98516920782E+00
0.66145954020E+01 0.66019737607E+01 0.65893521195E+01 0.64018654944E+01 0.62143788693E+01 0.61881967778E+01 0.61931012013E+01 0.61023075549E+01 0.60115139085E+01 0.58142952599E+01 0.56170766112E+01 0.52977009212E+01 0.49783252311E+01 0.50017013986E+01 0.50405026010E+01 0.50489383600E+01 0.50573741190E+01 0.50844282787E+01 0.51114824385E+01 0.51278394195E+01 0.51441964006E+01 0.50276492371E+01 0.49111020736E+01 0.43862107316E+01 0.38613193895E+01 0.36837566420E+01 0.35061938946E+01 0.35324787310E+01 0.35587635674E+01 0.35235249595E+01 0.34882863516E+01 0.33978651857E+01 0.33074440197E+01 0.32080652089E+01 0.31086863981E+01 0.29474571582E+01 0.27862279183E+01 0.25831285133E+01 0.23800291083E+01 0.21596209760E+01 0.19392128437E+01 0.17237669117E+01 0.15083209798E+01 0.13108118991E+01
0.52923256904E+01 0.52632189619E+01 0.52341122334E+01 0.51943780845E+01 0.51546439355E+01 0.51864990375E+01 0.52183541395E+01 0.51223247250E+01 0.50262953105E+01 0.48006400201E+01 0.45749847296E+01 0.45296211340E+01 0.45734929623E+01 0.46508131670E+01 0.47281333718E+01 0.47307092892E+01 0.47332852066E+01 0.47567127757E+01 0.47801403448E+01 0.47910609108E+01 0.48019814768E+01 0.47651993213E+01 0.47284171658E+01 0.42864336363E+01 0.38444501069E+01 0.36900886262E+01 0.35357271455E+01 0.36018518433E+01 0.36679765411E+01 0.36613241856E+01 0.36546718301E+01 0.35982456425E+01 0.35418194549E+01 0.34889687807E+01 0.34361181066E+01 0.33042340465E+01 0.31723499864E+01 0.29823523809E+01 0.27923547754E+01 0.25677140939E+01 0.23430734124E+01 0.21061832829E+01 0.18692931535E+01 0.16364545904E+01
0.46314396323E+01 0.46007129905E+01 0.45699863488E+01 0.45550280712E+01 0.45400697936E+01 0.45740599525E+01 0.46080501114E+01 0.45470774377E+01 0.44861047640E+01 0.43466228728E+01 0.42071409816E+01 0.41446397735E+01 0.42142697168E+01 0.42648793613E+01 0.43154890059E+01 0.43123954788E+01 0.43093019517E+01 0.43410251063E+01 0.43727482609E+01 0.43821028125E+01 0.43914573641E+01 0.43767336293E+01 0.43620098945E+01 0.40801886718E+01 0.37983674491E+01 0.36839370442E+01 0.35695066393E+01 0.34966992992E+01 0.34238919591E+01 0.34108874509E+01 0.33978829427E+01 0.34046037330E+01 0.34113245232E+01 0.34008020459E+01 0.33902795685E+01 0.33016050555E+01 0.32129305425E+01 0.30635386622E+01 0.29141467819E+01 0.27222009425E+01 0.25302551030E+01 0.23115601593E+01 0.20928652155E+01 0.18609951117E+01
0.39705535742E+01 0.39382070192E+01 0.39058604642E+01 0.39156780580E+01 0.39254956517E+01 0.39616208675E+01 0.39977460833E+01 0.39718301504E+01 0.39459142175E+01 0.38926057256E+01 0.38392972336E+01 0.37596584129E+01 0.38550464713E+01 0.38789455557E+01 0.39028446400E+01 0.38940816684E+01 0.38853186967E+01 0.39253374369E+01 0.39653561771E+01 0.39731447142E+01 0.39809332514E+01 0.39882679373E+01 0.39956026232E+01 0.38739437073E+01 0.37522847914E+01 0.36777854623E+01 0.36032861332E+01 0.33915467551E+01 0.31798073770E+01 0.31604507162E+01 0.31410940553E+01 0.32109618234E+01 0.32808295916E+01 0.33126353110E+01 0.33444410304E+01 0.32989760645E+01 0.32535110986E+01 0.31447249436E+01 0.30359387885E+01 0.28766877911E+01 0.27174367937E+01 0.25169370356E+01 0.23164372775E+01 0.20855356331E+01
