rohan_plume/Data/plumes/1/CTET2020_MaxBelowRLM.ASC
ncols          200
nrows          150
xllcenter       564050.00
yllcenter       132850.00
cellsize      50.00
nodata_value      -1.00
[rows 40 to 59 of 150, columns 44 to 87 of 200]
0.32259915895E+01 0.25618120723E+01 0.18976325550E+01 0.14698737024E+01 0.10421148497E+01 0.79618458456E+00 0.55025431942E+00 0.41732617220E+00 0.28439802499E+00 0.21594067112E+00 0.14748331724E+00 0.11298083783E+00 0.78478358410E-01 0.61059288424E-01 0.43640218438E-01 0.34563453296E-01 0.25486688154E-01 0.23626228379E-01 0.21765768604E-01 0.24005117069E-01 0.26244465535E-01 0.36342860105E-01 0.46441254676E-01 0.85443396745E-01 0.12444553882E+00 0.33390964406E+00 0.54337374930E+00 0.13817668183E+01 0.22201598873E+01 0.41904338672E+01 0.61607078472E+01 0.97277726167E+01 0.13294837386E+02 0.18309761952E+02 0.23324686519E+02 0.29104471995E+02 0.34884257472E+02 0.40462596303E+02 0.46040935135E+02 0.50518151866E+02 0.54995368597E+02 0.57299359190E+02 0.59603349782E+02 0.58878301523E+02
0.30685994546E+01 0.24212671971E+01 0.17739349395E+01 0.13802341739E+01 0.98653340838E+00 0.75718334543E+00 0.52783328248E+00 0.40169611621E+00 0.27555894995E+00 0.20989467621E+00 0.14423040247E+00 0.11118294131E+00 0.78135480157E-01 0.61368731101E-01 0.44601982045E-01 0.35704670841E-01 0.26807359637E-01 0.22905140358E-01 0.19002921079E-01 0.21209023182E-01 0.23415125284E-01 0.39903273280E-01 0.56391421277E-01 0.96964686607E-01 0.13753795194E+00 0.33413376037E+00 0.53072956880E+00 0.13568832126E+01 0.21830368563E+01 0.41410384961E+01 0.60990401358E+01 0.98398346231E+01 0.13580629110E+02 0.19125142906E+02 0.24669656701E+02 0.31260147029E+02 0.37850637357E+02 0.44345072494E+02 0.50839507631E+02 0.56223911503E+02 0.61608315375E+02 0.64594659325E+02 0.67581003274E+02 0.66919758030E+02
0.27475754143E+01 0.22119454037E+01 0.16763153931E+01 0.13186186435E+01 0.96092189394E+00 0.73805456759E+00 0.51518724124E+00 0.39091629826E+00 0.26664535529E+00 0.20644353848E+00 0.14624172168E+00 0.11730638947E+00 0.88371057259E-01 0.71909588630E-01 0.55448120001E-01 0.45544502787E-01 0.35640885572E-01 0.31465808978E-01 0.27290732385E-01 0.38791712815E-01 0.50292693245E-01 0.90407265261E-01 0.13052183728E+00 0.20809794973E+00 0.28567406218E+00 0.50072077413E+00 0.71576748607E+00 0.15250351175E+01 0.23343027490E+01 0.43310177364E+01 0.63277327239E+01 0.10221033890E+02 0.14114335056E+02 0.20188401922E+02 0.26262468788E+02 0.33894722775E+02 0.41526976762E+02 0.49250094185E+02 0.56973211609E+02 0.63181827578E+02 0.69390443547E+02 0.72571085601E+02 0.75751727655E+02 0.75306523772E+02
0.24265513740E+01 0.20026236103E+01 0.15786958467E+01 0.12570031131E+01 0.93531037951E+00 0.71892578975E+00 0.50254119999E+00 0.38013648031E+00 0.25773176062E+00 0.20299240075E+00 0.14825304089E+00 0.12342983762E+00 0.98606634361E-01 0.82450446159E-01 0.66294257958E-01 0.55384334732E-01 0.44474411506E-01 0.40026477598E-01 0.35578543690E-01 0.56374402449E-01 0.77170261207E-01 0.14091125724E+00 0.20465225327E+00 0.31923121285E+00 0.43381017243E+00 0.66730778789E+00 0.90080540335E+00 0.16931870225E+01 0.24855686416E+01 0.45209969768E+01 0.65564253120E+01 0.10602233157E+02 0.14648041002E+02 0.21251660939E+02 0.27855280876E+02 0.36529298521E+02 0.45203316167E+02 0.54155115877E+02 0.63106915587E+02 0.70139743653E+02 0.77172571720E+02 0.80547511878E+02 0.83922452036E+02 0.83693289514E+02
0.22133815368E+01 0.19006666641E+01 0.15879517915E+01 0.12741708277E+01 0.96038986390E+00 0.73695924585E+00 0.51352862780E+00 0.38784582053E+00 0.26216301326E+00 0.22219636078E+00 0.18222970831E+00 0.15977059713E+00 0.13731148595E+00 0.11698197101E+00 0.96652456062E-01 0.81427196594E-01 0.66201937126E-01 0.62512644856E-01 0.58823352585E-01 0.10270306548E+00 0.14658277837E+00 0.27090417814E+00 0.39522557792E+00 0.63799571435E+00 0.88076585078E+00 0.13519104640E+01 0.18230550772E+01 0.29024936889E+01 0.39819323005E+01 0.64068957754E+01 0.88318592502E+01 0.13650394797E+02 0.18468930344E+02 0.26214966362E+02 0.33961002380E+02 0.44568203982E+02 0.55175405584E+02 0.67220794126E+02 0.79266182669E+02 0.89143604712E+02 0.99021026756E+02 0.10361609379E+03 0.10821116081E+03 0.10706563087E+03
0.20002116996E+01 0.17987097180E+01 0.15972077364E+01 0.12913385423E+01 0.98546934829E+00 0.75499270195E+00 0.52451605560E+00 0.39555516074E+00 0.26659426589E+00 0.24140032082E+00 0.21620637574E+00 0.19611135664E+00 0.17601633755E+00 0.15151349586E+00 0.12701065417E+00 0.10747005846E+00 0.87929462746E-01 0.84998812113E-01 0.82068161480E-01 0.14903172851E+00 0.21599529553E+00 0.40089709905E+00 0.58579890256E+00 0.95676021585E+00 0.13277215291E+01 0.20365131401E+01 0.27453047511E+01 0.41118003553E+01 0.54782959595E+01 0.82927945740E+01 0.11107293188E+02 0.16698556437E+02 0.22289819685E+02 0.31178271785E+02 0.40066723885E+02 0.52607109443E+02 0.65147495000E+02 0.80286472376E+02 0.95425449751E+02 0.10814746577E+03 0.12086948179E+03 0.12668467569E+03 0.13249986959E+03 0.13043797223E+03
0.13329673109E+01 0.12298828711E+01 0.11267984313E+01 0.10618709701E+01 0.99694350897E+00 0.76870187101E+00 0.54046023305E+00 0.42124036993E+00 0.30202050682E+00 0.30880560951E+00 0.31559071219E+00 0.28745186367E+00 0.25931301514E+00 0.22099399299E+00 0.18267497083E+00 0.15344916553E+00 0.12422336024E+00 0.12344687307E+00 0.12267038589E+00 0.23196746668E+00 0.34126454746E+00 0.58998841182E+00 0.83871227618E+00 0.13590792998E+01 0.18794463235E+01 0.29522489101E+01 0.40250514967E+01 0.61178396348E+01 0.82106277728E+01 0.12183592631E+02 0.16156557489E+02 0.23509163036E+02 0.30861768584E+02 0.41977510402E+02 0.53093252221E+02 0.67636624037E+02 0.82179995853E+02 0.99617609129E+02 0.11705522241E+03 0.13290729422E+03 0.14875936603E+03 0.15620778049E+03 0.16365619496E+03 0.16603082023E+03
0.66572292218E+00 0.66105602418E+00 0.65638912618E+00 0.83240339791E+00 0.10084176696E+01 0.78241104007E+00 0.55640441050E+00 0.44692557912E+00 0.33744674775E+00 0.37621089820E+00 0.41497504865E+00 0.37879237069E+00 0.34260969273E+00 0.29047449012E+00 0.23833928750E+00 0.19942827261E+00 0.16051725773E+00 0.16189493402E+00 0.16327261031E+00 0.31490320485E+00 0.46653379938E+00 0.77907972459E+00 0.10916256498E+01 0.17613983838E+01 0.24311711178E+01 0.38679846801E+01 0.53047982424E+01 0.81238789143E+01 0.10942959586E+02 0.16074390687E+02 0.21205821789E+02 0.30319769636E+02 0.39433717483E+02 0.52776749019E+02 0.66119780556E+02 0.82666138631E+02 0.99212496705E+02 0.11894874588E+03 0.13868499506E+03 0.15766712266E+03 0.17664925026E+03 0.18573088529E+03 0.19481252032E+03 0.20162366823E+03
0.51936157945E+00 0.51676396209E+00 0.51416634472E+00 0.60195651025E+00 0.68974667577E+00 0.63430964888E+00 0.57887262199E+00 0.52238138270E+00 0.46589014342E+00 0.52707015508E+00 0.58825016674E+00 0.52719852000E+00 0.46614687326E+00 0.39007749497E+00 0.31400811667E+00 0.25852934734E+00 0.20305057801E+00 0.19783577521E+00 0.19262097240E+00 0.36634421590E+00 0.54006745939E+00 0.88924525631E+00 0.12384230532E+01 0.20382230214E+01 0.28380229895E+01 0.47507718262E+01 0.66635206628E+01 0.10746311715E+02 0.14829102768E+02 0.22335538960E+02 0.29841975152E+02 0.42246430963E+02 0.54650886775E+02 0.71221697208E+02 0.87792507642E+02 0.10736603176E+03 0.12693955588E+03 0.14860709181E+03 0.17027462773E+03 0.19034483485E+03 0.21041504196E+03 0.22100256416E+03 0.23159008636E+03 0.23598015583E+03
0.37300023673E+00 0.37247190000E+00 0.37194356326E+00 0.37150962258E+00 0.37107568190E+00 0.48620825769E+00 0.60134083347E+00 0.59783718628E+00 0.59433353909E+00 0.67792941196E+00 0.76152528483E+00 0.67560466931E+00 0.58968405379E+00 0.48968049982E+00 0.38967694585E+00 0.31763042207E+00 0.24558389830E+00 0.23377661640E+00 0.22196933449E+00 0.41778522695E+00 0.61360111940E+00 0.99941078803E+00 0.13852204567E+01 0.23150476589E+01 0.32448748612E+01 0.56335589723E+01 0.80222430833E+01 0.13368744516E+02 0.18715245949E+02 0.28596687232E+02 0.38478128516E+02 0.54173092291E+02 0.69868056067E+02 0.89666645397E+02 0.10946523473E+03 0.13206592490E+03 0.15466661506E+03 0.17826543773E+03 0.20186426040E+03 0.22302254703E+03 0.24418083366E+03 0.25627424303E+03 0.26836765240E+03 0.27033664344E+03
0.39102631138E+00 0.40274645990E+00 0.41446660842E+00 0.50653983042E+00 0.59861305242E+00 0.60497330285E+00 0.61133355329E+00 0.73125113358E+00 0.85116871386E+00 0.89881690415E+00 0.94646509444E+00 0.81653526985E+00 0.68660544527E+00 0.55725451415E+00 0.42790358302E+00 0.34028159738E+00 0.25265961174E+00 0.23535868597E+00 0.21805776021E+00 0.40947127191E+00 0.60088478360E+00 0.91957031790E+00 0.12382558522E+01 0.22164569896E+01 0.31946581270E+01 0.61520130561E+01 0.91093679851E+01 0.16732427128E+02 0.24355486271E+02 0.39431887547E+02 0.54508288822E+02 0.76770422510E+02 0.99032556198E+02 0.12322797439E+03 0.14742339258E+03 0.17254491490E+03 0.19766643722E+03 0.22140841637E+03 0.24515039551E+03 0.26263268080E+03 0.28011496609E+03 0.28837526270E+03 0.29663555931E+03 0.29090648021E+03
0.40905238603E+00 0.43302101980E+00 0.45698965358E+00 0.64157003826E+00 0.82615042293E+00 0.72373834802E+00 0.62132627310E+00 0.86466508087E+00 0.11080038886E+01 0.11197043963E+01 0.11314049040E+01 0.95746587040E+00 0.78352683675E+00 0.62482852847E+00 0.46613022019E+00 0.36293277268E+00 0.25973532518E+00 0.23694075555E+00 0.21414618592E+00 0.40115731687E+00 0.58816844781E+00 0.83972984776E+00 0.10912912477E+01 0.21178663203E+01 0.31444413928E+01 0.66704671398E+01 0.10196492887E+02 0.20096109740E+02 0.29995726593E+02 0.50267087861E+02 0.70538449129E+02 0.99367752729E+02 0.12819705633E+03 0.15678930338E+03 0.18538155044E+03 0.21302390491E+03 0.24066625938E+03 0.26455139500E+03 0.28843653061E+03 0.30224281457E+03 0.31604909852E+03 0.32047628237E+03 0.32490346622E+03 0.31147631698E+03
0.36511207940E+00 0.39098025917E+00 0.41684843893E+00 0.59589844567E+00 0.77494845241E+00 0.85685093892E+00 0.93875342543E+00 0.11622408804E+01 0.13857283354E+01 0.13283475267E+01 0.12709667180E+01 0.10427158264E+01 0.81446493478E+00 0.63153990731E+00 0.44861487984E+00 0.34440716621E+00 0.24019945259E+00 0.22310589032E+00 0.20601232805E+00 0.39562117040E+00 0.58523001274E+00 0.71365519878E+00 0.84208038481E+00 0.18334618403E+01 0.28248432959E+01 0.69608729083E+01 0.11096902521E+02 0.24618362789E+02 0.38139823057E+02 0.68756757147E+02 0.99373691236E+02 0.14080574128E+03 0.18223779133E+03 0.21334672048E+03 0.24445564963E+03 0.26772406202E+03 0.29099247441E+03 0.30821889781E+03 0.32544532122E+03 0.33195663692E+03 0.33846795263E+03 0.33387467100E+03 0.32928138937E+03 0.30695373089E+03
0.32117177278E+00 0.34893949853E+00 0.37670722428E+00 0.55022685308E+00 0.72374648189E+00 0.98996352982E+00 0.12561805777E+01 0.14598166799E+01 0.16634527821E+01 0.15369906571E+01 0.14105285321E+01 0.11279657824E+01 0.84540303281E+00 0.63825128615E+00 0.43109953949E+00 0.32588155974E+00 0.22066357999E+00 0.20927102509E+00 0.19787847018E+00 0.39008502392E+00 0.58229157767E+00 0.58758054979E+00 0.59286952191E+00 0.15490573604E+01 0.25052451990E+01 0.72512786769E+01 0.11997312155E+02 0.29140615838E+02 0.46283919521E+02 0.87246426432E+02 0.12820893334E+03 0.18224372984E+03 0.23627852633E+03 0.26990413758E+03 0.30352974883E+03 0.32242421913E+03 0.34131868943E+03 0.35188640063E+03 0.36245411182E+03 0.36167045928E+03 0.36088680673E+03 0.34727305962E+03 0.33365931251E+03 0.30243114481E+03
0.33854904606E+00 0.38237059136E+00 0.42619213667E+00 0.87617339799E+00 0.13261546593E+01 0.15762603820E+01 0.18263661046E+01 0.19312317630E+01 0.20360974214E+01 0.18469286273E+01 0.16577598331E+01 0.12779379503E+01 0.89811606743E+00 0.66032806988E+00 0.42254007233E+00 0.31970189260E+00 0.21686371286E+00 0.24204462868E+00 0.26722554449E+00 0.49335215673E+00 0.71947876896E+00 0.84305980750E+00 0.96664084603E+00 0.21973122700E+01 0.34279836940E+01 0.94888470943E+01 0.15549710495E+02 0.38940588768E+02 0.62331467041E+02 0.12349348158E+03 0.18465549613E+03 0.25718588817E+03 0.32971628021E+03 0.35540745408E+03 0.38109862796E+03 0.38400250971E+03 0.38690639145E+03 0.38427232283E+03 0.38163825420E+03 0.37244396552E+03 0.36324967683E+03 0.34282590206E+03 0.32240212728E+03 0.28483148025E+03
0.35592631934E+00 0.41580168420E+00 0.47567704906E+00 0.12021199429E+01 0.19285628367E+01 0.21625572341E+01 0.23965516315E+01 0.24026468462E+01 0.24087420608E+01 0.21568665975E+01 0.19049911342E+01 0.14279101181E+01 0.95082910205E+00 0.68240485361E+00 0.41398060517E+00 0.31352222545E+00 0.21306384573E+00 0.27481823227E+00 0.33657261881E+00 0.59661928953E+00 0.85666596025E+00 0.10985390652E+01 0.13404121702E+01 0.28455671796E+01 0.43507221890E+01 0.11726415512E+02 0.19102108835E+02 0.48740561698E+02 0.78379014561E+02 0.15974053674E+03 0.24110205891E+03 0.33212804649E+03 0.42315403408E+03 0.44091077058E+03 0.45866750709E+03 0.44558080028E+03 0.43249409348E+03 0.41665824503E+03 0.40082239657E+03 0.38321747176E+03 0.36561254694E+03 0.33837874449E+03 0.31114494204E+03 0.26723181570E+03
0.12844597671E+01 0.13732909715E+01 0.14621221759E+01 0.19835217771E+01 0.25049213782E+01 0.27021620130E+01 0.28994026479E+01 0.28383302825E+01 0.27772579170E+01 0.24998582047E+01 0.22224584923E+01 0.16035207246E+01 0.98458295693E+00 0.68486159793E+00 0.38514023893E+00 0.30227918766E+00 0.21941813639E+00 0.34014348562E+00 0.46086883486E+00 0.81708535644E+00 0.11733018780E+01 0.17022547501E+01 0.22312076222E+01 0.44481569374E+01 0.66651062527E+01 0.16164427383E+02 0.25663748514E+02 0.61600919770E+02 0.97538091027E+02 0.19505965219E+03 0.29258121335E+03 0.39305708030E+03 0.49353294724E+03 0.50025609021E+03 0.50697923318E+03 0.48145843133E+03 0.45593762947E+03 0.42873982437E+03 0.40154201927E+03 0.37865534298E+03 0.35576866670E+03 0.32529187731E+03 0.29481508792E+03 0.25020622239E+03
0.22129932148E+01 0.23307802588E+01 0.24485673028E+01 0.27649236112E+01 0.30812799196E+01 0.32417667920E+01 0.34022536643E+01 0.32740137188E+01 0.31457737732E+01 0.28428498118E+01 0.25399258505E+01 0.17791313311E+01 0.10183368118E+01 0.68731834226E+00 0.35629987269E+00 0.29103614987E+00 0.22577242705E+00 0.40546873898E+00 0.58516505091E+00 0.10375514234E+01 0.14899377958E+01 0.23059704350E+01 0.31220030742E+01 0.60507466953E+01 0.89794903165E+01 0.20602439255E+02 0.32225388193E+02 0.74461277843E+02 0.11669716749E+03 0.23037876765E+03 0.34406036780E+03 0.45398611410E+03 0.56391186040E+03 0.55960140983E+03 0.55529095926E+03 0.51733606237E+03 0.47938116547E+03 0.44082140372E+03 0.40226164196E+03 0.37409321421E+03 0.34592478647E+03 0.31220501014E+03 0.27848523381E+03 0.23318062908E+03
0.25578355322E+01 0.26638040802E+01 0.27697726282E+01 0.30691092785E+01 0.33684459288E+01 0.34410846078E+01 0.35137232868E+01 0.35263570677E+01 0.35389908486E+01 0.32755244091E+01 0.30120579695E+01 0.22414575767E+01 0.14708571838E+01 0.93939402340E+00 0.40793086302E+00 0.34242467569E+00 0.27691848837E+00 0.50424642940E+00 0.73157437044E+00 0.13849394161E+01 0.20383044618E+01 0.33845248624E+01 0.47307452630E+01 0.88621755630E+01 0.12993605863E+02 0.26995622997E+02 0.40997640131E+02 0.85015398877E+02 0.12903315762E+03 0.23192624313E+03 0.33481932863E+03 0.43511929832E+03 0.53541926802E+03 0.54210714026E+03 0.54879501250E+03 0.51358706120E+03 0.47837910990E+03 0.43766818054E+03 0.39695725118E+03 0.36554606678E+03 0.33413488237E+03 0.30402812433E+03 0.27392136629E+03 0.22717616354E+03
0.29026778495E+01 0.29968279015E+01 0.30909779536E+01 0.33732949457E+01 0.36556119379E+01 0.36404024236E+01 0.36251929093E+01 0.37787004166E+01 0.39322079239E+01 0.37081990063E+01 0.34841900886E+01 0.27037838222E+01 0.19233775557E+01 0.11914697045E+01 0.45956185334E+00 0.39381320152E+00 0.32806454969E+00 0.60302411983E+00 0.87798368997E+00 0.17323274089E+01 0.25866711277E+01 0.44630792898E+01 0.63394874518E+01 0.11673604431E+02 0.17007721410E+02 0.33388806739E+02 0.49769892068E+02 0.95569519911E+02 0.14136914775E+03 0.23347371861E+03 0.32557828946E+03 0.41625248255E+03 0.50692667564E+03 0.52461287069E+03 0.54229906575E+03 0.50983806003E+03 0.47737705432E+03 0.43451495736E+03 0.39165286041E+03 0.35699891934E+03 0.32234497827E+03 0.29585123852E+03 0.26935749877E+03 0.22117169801E+03
