rohan_plume/Data/plumes/1/CTET2020_MaxFootPrint.ASC
ncols          200
nrows          150
xllcenter       564050.00
yllcenter       132850.00
cellsize      50.00
nodata_value      -1.00
[rows 80 to 99 of 150, columns 88 to 131 of 200]
0.59258658996E+03 0.54309869205E+03 0.49361079414E+03 0.44816224024E+03 0.40271368633E+03 0.35380606548E+03 0.30489844462E+03 0.26130994542E+03 0.21772144621E+03 0.17297443409E+03 0.12822742198E+03 0.10787904014E+03 0.87530658301E+02 0.75308938054E+02 0.63087217807E+02 0.51878787984E+02 0.40670358160E+02 0.31655095329E+02 0.22639832498E+02 0.22303445664E+02 0.21967058829E+02 0.20356657518E+02 0.18746256208E+02 0.16834400686E+02 0.14922588968E+02 0.13789425883E+02 0.12656262799E+02 0.11870618874E+02 0.11084974950E+02 0.10268344070E+02 0.97323235060E+01 0.93882957923E+01 0.90442680786E+01 0.87804368531E+01 0.85166056277E+01 0.82323493627E+01 0.79480930976E+01 0.75795260663E+01 0.72109590349E+01 0.60884570654E+01 0.57383041228E+01 0.55763506785E+01 0.54143972343E+01 0.52739522902E+01
0.52739011505E+03 0.48436700149E+03 0.44134388793E+03 0.40293725098E+03 0.36453061403E+03 0.32183980283E+03 0.27914899163E+03 0.24229941070E+03 0.20544982977E+03 0.16269300096E+03 0.11993617215E+03 0.10044956631E+03 0.80962960467E+02 0.68571085570E+02 0.56179210672E+02 0.44345550091E+02 0.32511889511E+02 0.23733721764E+02 0.18277126892E+02 0.18045713707E+02 0.18207131840E+02 0.17694023332E+02 0.17180914823E+02 0.15704642870E+02 0.14228370918E+02 0.12560335233E+02 0.11497508231E+02 0.10927122120E+02 0.10356736008E+02 0.99013662446E+01 0.95095293126E+01 0.91758372265E+01 0.88421451404E+01 0.85965765457E+01 0.83510079511E+01 0.81549836309E+01 0.79589593107E+01 0.76825581828E+01 0.74061570549E+01 0.62535949076E+01 0.58974033025E+01 0.57137598445E+01 0.55301163866E+01 0.54896161801E+01
0.42974472722E+03 0.40274556694E+03 0.37574640667E+03 0.34567043554E+03 0.31559446442E+03 0.27766424959E+03 0.23973403476E+03 0.21384212495E+03 0.18795021513E+03 0.15331285887E+03 0.11867550261E+03 0.98338073373E+02 0.78000644133E+02 0.64198294071E+02 0.50395944009E+02 0.37792587223E+02 0.25189230437E+02 0.20469356989E+02 0.16029991095E+02 0.16208147920E+02 0.16386304745E+02 0.15480232622E+02 0.15039315462E+02 0.14062596435E+02 0.13085877409E+02 0.11871129645E+02 0.10950809795E+02 0.10467987133E+02 0.99851644707E+01 0.95956921610E+01 0.92062198513E+01 0.88662364392E+01 0.85262530271E+01 0.82813708991E+01 0.80364887712E+01 0.78528404415E+01 0.76691921117E+01 0.74652323985E+01 0.72612726853E+01 0.61392809840E+01 0.59489217869E+01 0.57488009182E+01 0.60289105809E+01 0.59604518243E+01
0.33209933939E+03 0.32112413240E+03 0.31014892541E+03 0.28840362011E+03 0.26665831481E+03 0.23348869635E+03 0.20031907789E+03 0.18538483919E+03 0.17045060049E+03 0.14393271679E+03 0.11741483308E+03 0.96226580441E+02 0.75038327798E+02 0.59825502572E+02 0.44612677346E+02 0.31239624355E+02 0.23584129732E+02 0.18749229365E+02 0.15473195093E+02 0.14575370825E+02 0.14958308968E+02 0.14318764158E+02 0.13679219349E+02 0.12759954649E+02 0.11966992693E+02 0.11234095722E+02 0.10501198752E+02 0.10089162258E+02 0.96771257647E+01 0.92900180774E+01 0.89029103901E+01 0.85566356520E+01 0.82103609138E+01 0.79661652526E+01 0.77219695913E+01 0.75506972520E+01 0.73794249128E+01 0.72479066143E+01 0.71163883158E+01 0.69959458624E+01 0.68755034090E+01 0.67351233274E+01 0.65947432458E+01 0.64312874685E+01
0.29261917991E+03 0.27034870588E+03 0.24807823185E+03 0.22928315280E+03 0.21048807374E+03 0.18499338369E+03 0.15949869364E+03 0.14840318259E+03 0.13730767154E+03 0.11743980831E+03 0.97571945081E+02 0.79773116635E+02 0.61974288190E+02 0.50971583357E+02 0.39968878524E+02 0.29719501603E+02 0.23653252949E+02 0.19815058461E+02 0.15976863973E+02 0.15541475583E+02 0.15106087194E+02 0.14197996181E+02 0.13289905169E+02 0.12416271406E+02 0.11568010674E+02 0.10967489267E+02 0.10366967861E+02 0.99331122835E+01 0.94992567056E+01 0.90776219276E+01 0.86559871495E+01 0.82653502608E+01 0.78747133721E+01 0.76080608499E+01 0.73414083278E+01 0.71639714238E+01 0.69865345199E+01 0.68536218108E+01 0.67207091017E+01 0.66025267028E+01 0.64843443039E+01 0.63523121676E+01 0.62202800313E+01 0.60925053181E+01
0.25313902043E+03 0.21957327936E+03 0.18600753829E+03 0.17016268548E+03 0.15431783267E+03 0.13649807103E+03 0.11867830938E+03 0.11142152599E+03 0.10416474259E+03 0.90946899833E+02 0.77729057078E+02 0.63319652830E+02 0.48910248581E+02 0.42117664141E+02 0.35325079701E+02 0.28440497415E+02 0.23722376167E+02 0.20946624408E+02 0.18170872649E+02 0.16712369034E+02 0.15253865420E+02 0.14077228204E+02 0.12900590989E+02 0.12072588164E+02 0.11244585339E+02 0.10700882812E+02 0.10232736971E+02 0.97770623087E+01 0.93213876466E+01 0.88652257777E+01 0.84090639089E+01 0.79740648696E+01 0.75390658303E+01 0.72499564473E+01 0.69608470643E+01 0.67772455956E+01 0.65936441269E+01 0.64593370073E+01 0.63250298876E+01 0.62091075432E+01 0.60931851988E+01 0.59695010078E+01 0.58458168169E+01 0.57537231677E+01
0.20213391299E+03 0.16930475380E+03 0.13647559460E+03 0.12764224702E+03 0.11880889944E+03 0.11030607715E+03 0.10180325486E+03 0.93005596403E+02 0.88425820603E+02 0.73512731163E+02 0.65502018362E+02 0.54997500993E+02 0.44614050072E+02 0.38985966752E+02 0.33357883433E+02 0.28414139279E+02 0.23470395126E+02 0.20574976434E+02 0.18084362522E+02 0.16328352764E+02 0.14572343006E+02 0.13433250417E+02 0.12294157827E+02 0.11483207902E+02 0.10672257977E+02 0.10116042808E+02 0.97270241291E+01 0.92729244543E+01 0.88188247795E+01 0.83442931961E+01 0.78697616128E+01 0.74145435202E+01 0.69593254276E+01 0.66808162500E+01 0.64023070724E+01 0.62329346454E+01 0.60635622184E+01 0.59368700891E+01 0.58101779597E+01 0.56979130603E+01 0.55856481610E+01 0.54487584236E+01 0.53118686863E+01 0.52339819830E+01
0.16664214117E+03 0.14187991593E+03 0.11711769069E+03 0.10317725050E+03 0.94646458809E+02 0.92054476900E+02 0.92901711924E+02 0.88885859435E+02 0.84870006946E+02 0.70536239246E+02 0.57596515753E+02 0.46675349157E+02 0.42230560505E+02 0.37561002780E+02 0.32891445055E+02 0.28387781143E+02 0.23884117231E+02 0.20393143302E+02 0.17997852395E+02 0.15944336494E+02 0.13890820593E+02 0.12789272629E+02 0.11687724666E+02 0.10893827641E+02 0.10099930615E+02 0.96032252220E+01 0.92213112873E+01 0.87687865998E+01 0.83162619123E+01 0.78233606145E+01 0.73304593167E+01 0.68550221708E+01 0.63795850249E+01 0.61116760528E+01 0.58437670806E+01 0.56886236953E+01 0.55334803099E+01 0.54144031708E+01 0.52953260318E+01 0.51867185775E+01 0.50781111232E+01 0.49280158394E+01 0.47779205557E+01 0.47142407983E+01
0.19171438612E+03 0.15987342856E+03 0.12803247101E+03 0.10891033764E+03 0.89788204269E+02 0.90374159247E+02 0.92453912537E+02 0.92647973759E+02 0.92842034980E+02 0.76605163621E+02 0.60368292261E+02 0.46128066295E+02 0.38887167504E+02 0.35400645196E+02 0.31914122888E+02 0.27606403498E+02 0.23298684108E+02 0.19515266576E+02 0.17256416594E+02 0.14907863689E+02 0.12559310784E+02 0.11715267518E+02 0.10871224253E+02 0.10214810952E+02 0.95583976513E+01 0.91104960072E+01 0.86625943632E+01 0.82256542841E+01 0.78005589366E+01 0.72942566730E+01 0.67879544094E+01 0.63164473100E+01 0.58449402105E+01 0.55770367640E+01 0.53091333174E+01 0.51528368643E+01 0.49965404112E+01 0.48728980033E+01 0.47492555954E+01 0.46454478862E+01 0.45416401769E+01 0.43912772485E+01 0.42409143200E+01 0.42081766627E+01
0.21678663106E+03 0.17786694119E+03 0.13894725132E+03 0.11464342477E+03 0.90339598228E+02 0.88693841593E+02 0.92006113151E+02 0.96410088083E+02 0.10081406301E+03 0.82674087995E+02 0.64534112976E+02 0.47909797867E+02 0.37286438344E+02 0.33240287612E+02 0.30936800720E+02 0.26825025853E+02 0.22713250985E+02 0.18716668822E+02 0.16514980794E+02 0.13871390884E+02 0.11227800975E+02 0.10641262407E+02 0.10054723840E+02 0.95357942634E+01 0.90168646871E+01 0.86177667925E+01 0.82186688979E+01 0.77177138639E+01 0.72848559608E+01 0.67651527315E+01 0.62454495022E+01 0.57778724491E+01 0.53102953961E+01 0.50423974752E+01 0.47744995543E+01 0.46170500334E+01 0.44596005124E+01 0.43333227608E+01 0.42535793594E+01 0.42030842240E+01 0.41525890886E+01 0.38545386575E+01 0.37039080844E+01 0.37021125271E+01
0.20752004881E+03 0.17437209708E+03 0.14122414534E+03 0.11767752412E+03 0.94130902905E+02 0.82184862520E+02 0.82913679787E+02 0.86248407148E+02 0.89583134509E+02 0.76477840621E+02 0.63372546734E+02 0.46419388024E+02 0.35677747543E+02 0.31725728895E+02 0.29600245576E+02 0.26082300707E+02 0.22564355838E+02 0.18813878236E+02 0.15759080766E+02 0.13597717550E+02 0.11436354334E+02 0.10680895606E+02 0.99254368780E+01 0.93083882568E+01 0.86913396356E+01 0.81995995535E+01 0.77078594713E+01 0.72272415610E+01 0.67887665166E+01 0.62294993243E+01 0.57157044658E+01 0.52810074449E+01 0.48463104240E+01 0.46028913979E+01 0.43594723718E+01 0.42288381150E+01 0.40982038582E+01 0.40228545109E+01 0.39475051635E+01 0.39041053376E+01 0.38607055117E+01 0.36414313579E+01 0.34221572040E+01 0.34538234593E+01
0.19825346655E+03 0.17087725296E+03 0.14350103937E+03 0.12071162347E+03 0.97922207582E+02 0.84193449444E+02 0.75042258744E+02 0.76086726213E+02 0.78352206003E+02 0.70281593247E+02 0.62210980491E+02 0.44928978182E+02 0.34215559108E+02 0.30796633863E+02 0.28263690431E+02 0.25339575561E+02 0.22415460691E+02 0.18990366623E+02 0.15565272556E+02 0.13324044216E+02 0.11644907693E+02 0.10720528805E+02 0.97961499163E+01 0.90809822503E+01 0.85297159000E+01 0.78904805673E+01 0.72512452345E+01 0.67719611535E+01 0.62926770724E+01 0.57994447523E+01 0.53290599690E+01 0.49438491621E+01 0.45586383551E+01 0.43021766602E+01 0.40457149654E+01 0.39145282599E+01 0.37833415544E+01 0.37123862610E+01 0.36414309676E+01 0.36051264512E+01 0.35688219348E+01 0.35393419593E+01 0.35098619837E+01 0.35032230497E+01
0.17694285446E+03 0.15579098708E+03 0.13463911970E+03 0.11579682306E+03 0.98591039801E+02 0.87763061578E+02 0.76935083356E+02 0.66405225250E+02 0.65586913166E+02 0.60404753360E+02 0.55222593554E+02 0.43892724902E+02 0.33845247596E+02 0.29573847672E+02 0.26547494438E+02 0.24068831106E+02 0.21590167774E+02 0.18558791831E+02 0.15527415887E+02 0.12913464388E+02 0.11223762590E+02 0.10301080830E+02 0.93783990702E+01 0.87091610002E+01 0.81775638060E+01 0.74576698874E+01 0.67377759689E+01 0.61848984545E+01 0.57044339121E+01 0.52802374452E+01 0.48560409784E+01 0.45184086065E+01 0.41807762347E+01 0.39561952629E+01 0.37316142911E+01 0.36174141480E+01 0.35032140049E+01 0.34453897308E+01 0.33875654566E+01 0.33536427741E+01 0.33197200915E+01 0.32854358662E+01 0.32511516408E+01 0.32328375001E+01
0.15563224237E+03 0.14070472121E+03 0.12577720004E+03 0.11344429041E+03 0.10383743946E+03 0.91332673713E+02 0.78827907968E+02 0.69856143695E+02 0.60884379422E+02 0.50527913473E+02 0.48234206617E+02 0.42856471621E+02 0.37478736626E+02 0.28351061481E+02 0.24851460260E+02 0.22798086651E+02 0.20764874857E+02 0.18127217038E+02 0.15489559219E+02 0.13181313360E+02 0.10873067501E+02 0.10073741067E+02 0.92744146332E+01 0.85499131726E+01 0.78285627995E+01 0.70248592076E+01 0.62243067032E+01 0.55978357555E+01 0.51390382885E+01 0.47610301382E+01 0.43830219879E+01 0.40929680510E+01 0.38029141142E+01 0.36102138656E+01 0.34175136169E+01 0.33203000362E+01 0.32230864555E+01 0.31783932006E+01 0.31336999457E+01 0.31021590969E+01 0.30706182482E+01 0.30315297730E+01 0.29924412979E+01 0.29624519504E+01
0.13366848525E+03 0.12252343771E+03 0.11137839017E+03 0.99999442397E+02 0.92283972741E+02 0.83245343635E+02 0.74206714528E+02 0.67917848756E+02 0.61628982984E+02 0.49911094029E+02 0.39831312976E+02 0.37156225242E+02 0.34481137508E+02 0.26448248061E+02 0.23116725211E+02 0.21175132831E+02 0.19233540452E+02 0.16910199269E+02 0.14586858087E+02 0.12622745772E+02 0.10658633457E+02 0.97012841801E+01 0.87439349029E+01 0.79500448412E+01 0.73328507476E+01 0.64832696607E+01 0.56336885737E+01 0.49977687195E+01 0.45717938972E+01 0.42521387687E+01 0.39324836402E+01 0.37048719704E+01 0.34772603007E+01 0.33186034504E+01 0.31599466001E+01 0.30739538458E+01 0.29879610915E+01 0.29428705867E+01 0.29171827081E+01 0.28558031305E+01 0.28138261791E+01 0.27705397021E+01 0.27272532252E+01 0.26951524675E+01
0.11170472813E+03 0.10434215422E+03 0.96979580309E+02 0.89116862144E+02 0.81254143978E+02 0.75158013556E+02 0.69585521087E+02 0.65979553816E+02 0.62373586546E+02 0.50366876055E+02 0.38360165564E+02 0.35284496555E+02 0.32208827546E+02 0.25048058269E+02 0.21402151977E+02 0.19552179012E+02 0.17702206046E+02 0.15693181500E+02 0.13684156954E+02 0.12064178184E+02 0.10444199413E+02 0.93288272929E+01 0.82134551725E+01 0.74955567069E+01 0.68371386958E+01 0.59819074563E+01 0.51266762168E+01 0.44393053508E+01 0.40045495059E+01 0.37432473992E+01 0.34819452925E+01 0.33167758898E+01 0.31516064872E+01 0.30269930353E+01 0.29023795834E+01 0.28908631052E+01 0.28916086878E+01 0.28423143120E+01 0.27930199361E+01 0.26548475176E+01 0.25570341099E+01 0.25095496313E+01 0.24620651526E+01 0.24278529845E+01
0.99150286149E+02 0.90761669196E+02 0.82444963227E+02 0.77430059897E+02 0.72415156566E+02 0.68010777695E+02 0.64706406070E+02 0.61938907655E+02 0.59171409240E+02 0.48685559931E+02 0.38199710621E+02 0.34090673756E+02 0.29981636891E+02 0.22831469445E+02 0.20031230328E+02 0.18240516224E+02 0.16449802120E+02 0.14685500552E+02 0.12921198984E+02 0.11471344958E+02 0.10021490931E+02 0.90474672748E+01 0.80734436184E+01 0.71361027298E+01 0.62334513994E+01 0.53771027990E+01 0.45554437568E+01 0.40711933818E+01 0.36402074487E+01 0.34238648156E+01 0.32075221826E+01 0.30801664745E+01 0.29528107664E+01 0.28356808272E+01 0.28218802794E+01 0.28136521241E+01 0.28054239687E+01 0.27202572425E+01 0.26350905164E+01 0.24507619051E+01 0.22691192648E+01 0.22347205083E+01 0.22003217517E+01 0.21870148116E+01
0.87907245136E+02 0.80477676442E+02 0.73048107749E+02 0.65743257649E+02 0.63576169155E+02 0.60863541835E+02 0.59827291053E+02 0.57898261494E+02 0.55969231935E+02 0.47004243807E+02 0.38039255678E+02 0.32896850957E+02 0.27754446235E+02 0.21329688970E+02 0.18660308679E+02 0.16928853437E+02 0.15197398195E+02 0.13677819604E+02 0.12158241014E+02 0.10878511731E+02 0.95987824491E+01 0.87661072567E+01 0.79334320643E+01 0.69220289497E+01 0.59106258351E+01 0.49950303828E+01 0.41302974340E+01 0.37030814128E+01 0.32758653915E+01 0.31044822321E+01 0.29330990727E+01 0.28435570592E+01 0.27859809718E+01 0.27698120040E+01 0.27536430362E+01 0.27364411429E+01 0.27192392496E+01 0.25982001731E+01 0.24771610967E+01 0.22466762926E+01 0.20161914886E+01 0.19598913853E+01 0.19385783509E+01 0.19461766387E+01
0.80584079566E+02 0.71794987251E+02 0.63005894937E+02 0.56215622194E+02 0.55728635384E+02 0.54242916475E+02 0.52777871147E+02 0.50988368209E+02 0.49198865272E+02 0.42837460097E+02 0.36476054923E+02 0.30636666242E+02 0.24797277560E+02 0.19655132245E+02 0.16873473610E+02 0.15576734883E+02 0.14279996156E+02 0.12978414785E+02 0.11676833413E+02 0.10445474938E+02 0.92141164635E+01 0.83893660382E+01 0.75646156129E+01 0.67996960444E+01 0.60347764759E+01 0.48712895018E+01 0.38471366607E+01 0.34687389702E+01 0.30903412797E+01 0.29764963722E+01 0.28626514647E+01 0.27589424173E+01 0.27471332168E+01 0.26846738659E+01 0.26852984751E+01 0.25903589789E+01 0.25585034429E+01 0.23781563768E+01 0.21978093107E+01 0.19405392345E+01 0.17755228384E+01 0.18005182202E+01 0.18255136020E+01 0.18477565622E+01
0.74653631262E+02 0.65989153601E+02 0.57324675940E+02 0.47490437999E+02 0.47881101613E+02 0.47793077849E+02 0.47705054086E+02 0.44901102909E+02 0.42428498608E+02 0.38670676387E+02 0.34912854167E+02 0.28376481526E+02 0.21840108885E+02 0.17980575520E+02 0.15086638542E+02 0.14224616330E+02 0.13362594118E+02 0.12279009965E+02 0.11195425813E+02 0.10012438145E+02 0.88294504779E+01 0.80126248197E+01 0.71957991616E+01 0.66773631392E+01 0.61589271168E+01 0.47475486209E+01 0.35639758873E+01 0.32343965276E+01 0.29048171679E+01 0.28485105123E+01 0.27922038567E+01 0.26743277754E+01 0.27082854619E+01 0.26561131096E+01 0.26872091912E+01 0.24442768150E+01 0.23977676362E+01 0.21581125804E+01 0.19184575247E+01 0.16344021764E+01 0.15698412572E+01 0.16411450552E+01 0.17124488531E+01 0.17493364856E+01
