rohan_plume/Data/plumes/1/CTET2020_MaxFootPrint.ASC
ncols          200
nrows          150
xllcenter       564050.00
yllcenter       132850.00
cellsize      50.00
nodata_value      -1.00
[rows 40 to 59 of 150, columns 0 to 43 of 200]
0.43797615522E-01 0.43797615522E-01 0.43797615522E-01 0.43797615522E-01 0.43797615522E-01 0.43797615522E-01 0.43797615522E-01 0.43797615522E-01 0.43797615522E-01 0.43797615522E-01 0.43797615522E-01 0.43797615522E-01 0.43797615522E-01 0.43808340137E-01 0.43819064752E-01 0.43982389802E-01 0.44145714851E-01 0.44526948198E-01 0.44908181544E-01 0.45493467912E-01 0.46096146873E-01 0.46915058826E-01 0.47733970779E-01 0.48739871002E-01 0.49745771225E-01 0.42408594171E+00 0.80073507410E+00 0.18728469447E+01 0.29449588153E+01 0.35765712656E+01 0.42081837159E+01 0.46086582817E+01 0.50091328475E+01 0.54153050767E+01 0.58214773058E+01 0.62566378791E+01 0.66917984524E+01 0.69750358172E+01 0.72582731819E+01 0.72784706962E+01 0.72986682105E+01 0.70013643205E+01 0.67040604306E+01 0.61774119375E+01
0.43797615522E-01 0.43797615522E-01 0.43797615522E-01 0.43797615522E-01 0.43797615522E-01 0.43797615522E-01 0.43797615522E-01 0.43797615522E-01 0.43797615522E-01 0.43797615522E-01 0.43797615522E-01 0.43797615522E-01 0.43797615522E-01 0.43819064752E-01 0.43840513982E-01 0.44058118239E-01 0.44275722495E-01 0.44716181586E-01 0.45156640676E-01 0.45807536206E-01 0.46466108017E-01 0.47360634677E-01 0.48255161337E-01 0.49348430520E-01 0.50441699704E-01 0.55926828766E+00 0.10707945690E+01 0.22354409699E+01 0.34000873708E+01 0.38474631368E+01 0.42948389028E+01 0.46739946311E+01 0.50531503593E+01 0.54896077783E+01 0.59260651973E+01 0.63513822152E+01 0.67766992332E+01 0.70313741248E+01 0.72860490164E+01 0.72733446664E+01 0.72606403164E+01 0.69742558521E+01 0.66878713878E+01 0.61714751069E+01
0.43797615522E-01 0.43797615522E-01 0.43797615522E-01 0.43797615522E-01 0.43797615522E-01 0.43797615522E-01 0.43797615522E-01 0.43797615522E-01 0.43797615522E-01 0.43797615522E-01 0.43797615522E-01 0.43797615522E-01 0.43797615522E-01 0.43846752137E-01 0.43895888752E-01 0.44162610209E-01 0.44429331666E-01 0.44918751414E-01 0.45408171161E-01 0.46105504797E-01 0.46839240492E-01 0.47803787483E-01 0.48768334475E-01 0.73085715479E-01 0.99960089460E-01 0.73468530468E+00 0.13694105199E+01 0.23756803386E+01 0.33819501574E+01 0.37983905745E+01 0.42148309917E+01 0.45940224028E+01 0.49732138140E+01 0.54130781307E+01 0.58529424474E+01 0.62669445070E+01 0.66809465666E+01 0.69413525990E+01 0.72017586314E+01 0.72748221869E+01 0.73478857424E+01 0.71489788392E+01 0.69500719359E+01 0.64538577464E+01
0.43797615522E-01 0.43797615522E-01 0.43797615522E-01 0.43797615522E-01 0.43797615522E-01 0.43797615522E-01 0.43797615522E-01 0.43797615522E-01 0.43797615522E-01 0.43797615522E-01 0.43797615522E-01 0.43797615522E-01 0.43797615522E-01 0.43874439522E-01 0.43951263522E-01 0.44267102180E-01 0.44582940837E-01 0.45121321242E-01 0.45659701647E-01 0.46416802303E-01 0.47212372966E-01 0.48246940290E-01 0.49281507613E-01 0.99158103415E-01 0.15217817256E+00 0.91010232170E+00 0.16680264708E+01 0.25159197074E+01 0.33638129440E+01 0.37493180122E+01 0.41348230805E+01 0.45140501746E+01 0.48932772687E+01 0.53365484831E+01 0.57798196974E+01 0.61825067987E+01 0.65851938999E+01 0.68513310731E+01 0.71174682463E+01 0.72762997074E+01 0.74351311685E+01 0.73237018262E+01 0.72122724839E+01 0.67362403859E+01
0.43797615522E-01 0.43797615522E-01 0.43797615522E-01 0.43797615522E-01 0.43797615522E-01 0.43797615522E-01 0.43797615522E-01 0.43797615522E-01 0.43797615522E-01 0.43797615522E-01 0.43797615522E-01 0.43797916790E-01 0.43798218058E-01 0.43910914824E-01 0.44023611590E-01 0.44372252788E-01 0.44720893985E-01 0.45272495263E-01 0.45861032888E-01 0.46704026386E-01 0.47547019883E-01 0.48611754541E-01 0.49676489199E-01 0.12296413667E+00 0.20070548347E+00 0.99675444138E+00 0.17928033993E+01 0.25021519800E+01 0.32115005607E+01 0.35765145057E+01 0.39415284508E+01 0.43019850235E+01 0.46624415962E+01 0.50752230568E+01 0.54880045175E+01 0.59784240701E+01 0.64688436226E+01 0.68197820564E+01 0.71707204901E+01 0.73089127264E+01 0.74471049628E+01 0.75068800715E+01 0.75666551802E+01 0.71396453748E+01
0.43797615522E-01 0.43797615522E-01 0.43797615522E-01 0.43797615522E-01 0.43797615522E-01 0.43797615522E-01 0.43797615522E-01 0.43797615522E-01 0.43797615522E-01 0.43797615522E-01 0.43797615522E-01 0.43798218058E-01 0.43798820593E-01 0.43947390125E-01 0.44095959657E-01 0.44477403395E-01 0.44858847133E-01 0.45455446381E-01 0.46100834136E-01 0.46991250468E-01 0.47881666799E-01 0.48976568792E-01 0.50071470784E-01 0.14677016993E+00 0.24923279438E+00 0.10834065611E+01 0.19175803277E+01 0.24883842525E+01 0.30591881774E+01 0.34037109992E+01 0.37482338211E+01 0.40899198724E+01 0.44316059237E+01 0.48138976306E+01 0.51961893375E+01 0.57743413414E+01 0.63524933453E+01 0.67882330396E+01 0.72239727339E+01 0.73415257455E+01 0.74590787571E+01 0.76900583168E+01 0.79210378765E+01 0.75430503637E+01
0.43797615522E-01 0.43797615522E-01 0.43797615522E-01 0.43797615522E-01 0.43797615522E-01 0.43797615522E-01 0.43797615522E-01 0.43797615522E-01 0.43797615522E-01 0.43797615522E-01 0.43797615522E-01 0.43803626035E-01 0.43809636548E-01 0.43980084909E-01 0.44150533269E-01 0.44531379812E-01 0.44941468046E-01 0.45615538707E-01 0.46289609368E-01 0.47183233338E-01 0.48076857309E-01 0.49094697403E-01 0.50112537498E-01 0.11803267000E+00 0.19274568699E+00 0.71521057711E+00 0.12376754672E+01 0.20030821948E+01 0.27684889225E+01 0.31054867535E+01 0.34424845846E+01 0.37595780423E+01 0.40766715000E+01 0.45010445091E+01 0.49254175183E+01 0.56480856938E+01 0.63707538693E+01 0.68360512179E+01 0.73013485666E+01 0.74467780025E+01 0.75922074384E+01 0.78376645838E+01 0.80831217292E+01 0.78171459378E+01
0.43797615522E-01 0.43797615522E-01 0.43797615522E-01 0.43797615522E-01 0.43797615522E-01 0.43797615522E-01 0.43797615522E-01 0.43797615522E-01 0.43797615522E-01 0.43797615522E-01 0.43797615522E-01 0.43809034013E-01 0.43820452503E-01 0.44012779692E-01 0.44205106881E-01 0.44619678541E-01 0.45072877467E-01 0.45775631033E-01 0.46478384599E-01 0.47375216209E-01 0.48272047818E-01 0.49212826015E-01 0.50153604211E-01 0.89295170076E-01 0.13625857960E+00 0.34701459316E+00 0.55777060673E+00 0.15177801371E+01 0.24777896676E+01 0.28072625079E+01 0.31367353482E+01 0.34292362122E+01 0.37217370763E+01 0.41881913876E+01 0.46546456990E+01 0.55218300461E+01 0.63890143932E+01 0.68838693963E+01 0.73787243993E+01 0.75520302595E+01 0.77253361198E+01 0.79852708509E+01 0.82452055820E+01 0.80912415119E+01
0.43797615522E-01 0.43797615522E-01 0.43797615522E-01 0.43797615522E-01 0.43797615522E-01 0.43797615522E-01 0.43797615522E-01 0.43797615522E-01 0.43797615522E-01 0.43797615522E-01 0.43797615522E-01 0.43811738439E-01 0.43825861357E-01 0.44016765692E-01 0.44220116582E-01 0.44690384698E-01 0.45160652814E-01 0.45844841723E-01 0.46529030633E-01 0.47302249198E-01 0.48075467764E-01 0.48814169882E-01 0.49552872001E-01 0.69601038017E-01 0.98004519834E-01 0.28820232864E+00 0.47840013745E+00 0.12920409632E+01 0.21056817889E+01 0.24328967627E+01 0.27601117365E+01 0.30541842475E+01 0.33482567586E+01 0.39615973243E+01 0.45749378900E+01 0.55182565511E+01 0.64615752123E+01 0.67265982510E+01 0.69916212896E+01 0.69491891186E+01 0.69067569476E+01 0.72108280321E+01 0.75148991167E+01 0.75569038350E+01
0.43797615522E-01 0.43797615522E-01 0.43797615522E-01 0.43797615522E-01 0.43797615522E-01 0.43797615522E-01 0.43797615522E-01 0.43797615522E-01 0.43797615522E-01 0.43797615522E-01 0.43797615522E-01 0.43814442866E-01 0.43831270210E-01 0.44048262352E-01 0.44273753550E-01 0.44761090856E-01 0.45248428162E-01 0.45914052414E-01 0.46579676666E-01 0.47229282188E-01 0.47878887710E-01 0.48415513750E-01 0.48952139790E-01 0.49906905957E-01 0.59750460069E-01 0.22939006412E+00 0.39902966817E+00 0.10663017892E+01 0.17335739102E+01 0.20585310175E+01 0.23834881249E+01 0.26791322829E+01 0.29747764409E+01 0.37350032609E+01 0.44952300809E+01 0.55146830562E+01 0.65341360314E+01 0.65693271057E+01 0.66045181800E+01 0.63463479777E+01 0.60881777754E+01 0.64363852134E+01 0.67845926514E+01 0.70225661582E+01
0.43797615522E-01 0.43797615522E-01 0.43797615522E-01 0.43797615522E-01 0.43797615522E-01 0.43797615522E-01 0.43797615522E-01 0.43797615522E-01 0.43797615522E-01 0.43797615522E-01 0.43797615522E-01 0.43814397961E-01 0.43831180400E-01 0.44067287212E-01 0.44303394024E-01 0.44765337064E-01 0.45227280104E-01 0.45755125341E-01 0.46282970578E-01 0.46759556798E-01 0.47236143019E-01 0.47404190578E-01 0.47572238137E-01 0.47417515355E-01 0.48218888043E-01 0.15992599651E+00 0.27163310498E+00 0.70251392909E+00 0.11333947532E+01 0.15443156907E+01 0.19552366283E+01 0.23055547495E+01 0.26558728706E+01 0.35854799513E+01 0.45150870320E+01 0.54000452474E+01 0.62850034628E+01 0.59517899558E+01 0.56185764487E+01 0.49741443874E+01 0.43297123260E+01 0.48352398503E+01 0.53407673747E+01 0.57744453823E+01
0.43797615522E-01 0.43797615522E-01 0.43797615522E-01 0.43797615522E-01 0.43797615522E-01 0.43797615522E-01 0.43797615522E-01 0.43797615522E-01 0.43797615522E-01 0.43797615522E-01 0.43797615522E-01 0.43818602585E-01 0.43839589648E-01 0.44086312072E-01 0.44333034497E-01 0.44769583272E-01 0.45206132047E-01 0.45596198269E-01 0.45986264490E-01 0.46289831409E-01 0.46593398327E-01 0.46392867405E-01 0.46192336483E-01 0.45924455457E-01 0.45656574431E-01 0.90461928905E-01 0.14423654179E+00 0.33872606898E+00 0.53321559616E+00 0.10301003640E+01 0.15269851317E+01 0.19319772160E+01 0.23369693004E+01 0.34359566418E+01 0.45349439832E+01 0.52854074387E+01 0.60358708942E+01 0.53342528058E+01 0.48991644936E+01 0.36091661983E+01 0.35054646752E+01 0.32340944873E+01 0.38969420980E+01 0.45263246063E+01
0.43797615522E-01 0.43797615522E-01 0.43797615522E-01 0.43797615522E-01 0.43797615522E-01 0.43797615522E-01 0.43797615522E-01 0.43797615522E-01 0.43797615522E-01 0.43797615522E-01 0.43797615522E-01 0.43820060900E-01 0.43842506279E-01 0.44071476640E-01 0.44300447001E-01 0.44607387446E-01 0.44914327890E-01 0.45137196116E-01 0.45360064341E-01 0.45379664994E-01 0.45399265647E-01 0.45049451453E-01 0.44699637259E-01 0.44354134376E-01 0.44008631492E-01 0.62773447773E-01 0.90243085107E-01 0.21493358515E+00 0.33962408520E+00 0.68649777283E+00 0.10333714605E+01 0.15423733723E+01 0.20513752842E+01 0.31491427725E+01 0.42469102609E+01 0.46966510829E+01 0.51835697606E+01 0.46055199115E+01 0.40628841481E+01 0.33211968512E+01 0.25795095543E+01 0.24903480117E+01 0.29342644346E+01 0.36234329003E+01
0.43797615522E-01 0.43797615522E-01 0.43797615522E-01 0.43797615522E-01 0.43797615522E-01 0.43797615522E-01 0.43797615522E-01 0.43797615522E-01 0.43797615522E-01 0.43797615522E-01 0.43797615522E-01 0.43821519216E-01 0.43845422909E-01 0.44056641208E-01 0.44267859506E-01 0.44445191620E-01 0.44622523733E-01 0.44678193963E-01 0.44733864192E-01 0.44469498580E-01 0.44205132968E-01 0.43706035502E-01 0.43206938035E-01 0.42783813294E-01 0.42360688553E-01 0.42058030140E-01 0.41755371728E-01 0.91141101330E-01 0.14603257424E+00 0.34289518171E+00 0.53975778919E+00 0.11527695286E+01 0.17657812680E+01 0.28623289033E+01 0.39588765385E+01 0.43254681511E+01 0.48735816855E+01 0.40146786584E+01 0.50045211947E+01 0.33290378140E+01 0.17842555138E+01 0.17466015360E+01 0.19715867713E+01 0.27205411943E+01
0.43797615522E-01 0.43797615522E-01 0.43797615522E-01 0.43797615522E-01 0.43797615522E-01 0.43797615522E-01 0.43797615522E-01 0.43797615522E-01 0.43797615522E-01 0.43797615522E-01 0.43797615522E-01 0.43814249141E-01 0.43830882761E-01 0.43943871146E-01 0.44056859532E-01 0.44071233952E-01 0.44085608371E-01 0.43962057551E-01 0.43838506731E-01 0.43353550001E-01 0.42868593271E-01 0.42294026254E-01 0.41719459237E-01 0.41222271726E-01 0.40725084214E-01 0.40347290160E-01 0.39969496107E-01 0.72500904892E-01 0.11178655382E+00 0.28556243445E+00 0.45933831508E+00 0.10013240295E+01 0.15433097439E+01 0.26220354063E+01 0.37228062077E+01 0.40185314086E+01 0.43142566094E+01 0.41372574911E+01 0.45853541363E+01 0.30407635823E+01 0.15295807326E+01 0.17663347179E+01 0.20030887031E+01 0.27112700041E+01
0.43797615522E-01 0.43797615522E-01 0.43797615522E-01 0.43797615522E-01 0.43797615522E-01 0.43797615522E-01 0.43797615522E-01 0.43797615522E-01 0.43797615522E-01 0.43797615522E-01 0.43797615522E-01 0.43806979067E-01 0.43816342612E-01 0.43831101085E-01 0.43845859558E-01 0.43697276284E-01 0.43548693009E-01 0.43245921140E-01 0.42943149271E-01 0.42237601423E-01 0.41532053575E-01 0.40882017007E-01 0.40231980439E-01 0.39660730157E-01 0.39089479875E-01 0.38636550180E-01 0.38183620486E-01 0.53860708454E-01 0.77540533402E-01 0.23103242638E+00 0.39071360653E+00 0.97587792104E+00 0.15610422356E+01 0.26146500171E+01 0.36682577987E+01 0.37115946661E+01 0.45040869817E+01 0.43351370298E+01 0.41661870779E+01 0.27524893505E+01 0.15492937710E+01 0.17860678997E+01 0.20345906350E+01 0.27019988140E+01
0.43797615522E-01 0.43797615522E-01 0.43797615522E-01 0.43797615522E-01 0.43797615522E-01 0.43797615522E-01 0.43797615522E-01 0.43797615522E-01 0.43797615522E-01 0.43797615522E-01 0.43797615522E-01 0.43767100704E-01 0.43736585885E-01 0.43597190220E-01 0.43457794555E-01 0.43153359189E-01 0.42848923822E-01 0.42324149414E-01 0.41799375005E-01 0.41022222719E-01 0.40245070433E-01 0.39526061561E-01 0.38807052690E-01 0.38166382256E-01 0.37525711823E-01 0.36999908651E-01 0.36474105479E-01 0.56207714515E-01 0.83314874663E-01 0.26254405120E+00 0.44455209173E+00 0.10999158557E+01 0.17552796197E+01 0.28219301549E+01 0.38885806901E+01 0.39874881011E+01 0.47314506706E+01 0.46442487206E+01 0.45570467707E+01 0.35333423089E+01 0.25096378471E+01 0.19668808295E+01 0.18127727188E+01 0.25049955618E+01
0.43797615522E-01 0.43797615522E-01 0.43797615522E-01 0.43797615522E-01 0.43797615522E-01 0.43797615522E-01 0.43797615522E-01 0.43797615522E-01 0.43797615522E-01 0.43797615522E-01 0.43797615522E-01 0.43727222340E-01 0.43656829159E-01 0.43363279356E-01 0.43069729552E-01 0.42609442094E-01 0.42149154635E-01 0.41402377688E-01 0.40655600740E-01 0.39806844015E-01 0.38958087291E-01 0.38170106116E-01 0.37382124941E-01 0.36672034356E-01 0.35961943771E-01 0.35363267122E-01 0.34764590473E-01 0.59572980299E-01 0.89720775100E-01 0.29405567602E+00 0.49839057694E+00 0.12239537904E+01 0.19495170039E+01 0.30292102927E+01 0.41089035814E+01 0.43506562602E+01 0.49588143594E+01 0.49533604115E+01 0.49479064636E+01 0.43141952673E+01 0.36804840710E+01 0.27501595271E+01 0.23152107196E+01 0.27870537546E+01
0.43797615522E-01 0.43797615522E-01 0.43797615522E-01 0.43797615522E-01 0.43797615522E-01 0.43797615522E-01 0.43797615522E-01 0.43797615522E-01 0.43797615522E-01 0.43796589222E-01 0.43795562922E-01 0.43626319788E-01 0.43457076655E-01 0.43015915559E-01 0.42574754463E-01 0.41971189606E-01 0.41367624749E-01 0.40467329160E-01 0.39567033571E-01 0.38663274936E-01 0.37915533674E-01 0.37401795610E-01 0.36888057546E-01 0.36376846459E-01 0.35865635372E-01 0.35418183478E-01 0.34970731583E-01 0.62923860183E-01 0.98644094624E-01 0.31752951222E+00 0.53912110858E+00 0.13379442411E+01 0.21367673736E+01 0.32014301423E+01 0.42660929109E+01 0.43172470717E+01 0.47626200299E+01 0.49262932684E+01 0.50899665068E+01 0.46959892540E+01 0.43020120011E+01 0.38255652684E+01 0.35150475161E+01 0.39897040889E+01
0.43797615522E-01 0.43797615522E-01 0.43797615522E-01 0.43797615522E-01 0.43797615522E-01 0.43797615522E-01 0.43797615522E-01 0.43797615522E-01 0.43797615522E-01 0.43795562922E-01 0.43793510322E-01 0.43525417237E-01 0.43257324151E-01 0.42668551762E-01 0.42079779373E-01 0.41332937118E-01 0.40586094862E-01 0.39532280632E-01 0.39017538095E-01 0.38533741055E-01 0.38049944015E-01 0.37569201289E-01 0.37088458563E-01 0.36621624126E-01 0.36154789690E-01 0.35771118008E-01 0.35387446326E-01 0.67292999790E-01 0.10819897332E+00 0.35238350677E+00 0.59656804022E+00 0.14802867437E+01 0.23640054471E+01 0.33736499918E+01 0.44232822403E+01 0.48218412151E+01 0.52204001898E+01 0.48992261253E+01 0.52320265501E+01 0.50777832407E+01 0.49235399313E+01 0.49009710097E+01 0.48784020882E+01 0.51923544232E+01
