rohan_plume/Data/plumes/1/CTET2020_MaxFootPrint.ASC
ncols          200
nrows          150
xllcenter       564050.00
yllcenter       132850.00
cellsize      50.00
nodata_value      -1.00
[rows 20 to 39 of 150, columns 0 to 43 of 200]
0.43797615522E-01 0.43797615522E-01 0.43797615522E-01 0.43797615522E-01 0.43797615522E-01 0.43797615522E-01 0.43797615522E-01 0.43797615522E-01 0.43797615522E-01 0.43797615522E-01 0.43797615522E-01 0.43797615522E-01 0.43797615522E-01 0.43797615522E-01 0.43797615522E-01 0.43797615522E-01 0.43797615522E-01 0.43797615522E-01 0.43797615522E-01 0.43797615522E-01 0.43797615522E-01 0.43797615522E-01 0.43797615522E-01 0.43797615522E-01 0.43797615522E-01 0.43797615522E-01 0.43797615522E-01 0.43797615522E-01 0.43797615522E-01 0.43797615522E-01 0.43797615522E-01 0.43797615522E-01 0.43797615522E-01 0.43797615522E-01 0.43797615522E-01 0.43849871954E-01 0.43902128385E-01 0.44187043947E-01 0.44472624087E-01 0.45006985967E-01 0.45541347846E-01 0.46315383607E-01 0.47089419368E-01 0.48097181658E-01
0.43797615522E-01 0.43797615522E-01 0.43797615522E-01 0.43797615522E-01 0.43797615522E-01 0.43797615522E-01 0.43797615522E-01 0.43797615522E-01 0.43797615522E-01 0.43797615522E-01 0.43797615522E-01 0.43797615522E-01 0.43797615522E-01 0.43797615522E-01 0.43797615522E-01 0.43797615522E-01 0.43797615522E-01 0.43797615522E-01 0.43797615522E-01 0.43797615522E-01 0.43797615522E-01 0.43797615522E-01 0.43797615522E-01 0.43797615522E-01 0.43797615522E-01 0.43797615522E-01 0.43797615522E-01 0.43797615522E-01 0.43797615522E-01 0.43797615522E-01 0.43797615522E-01 0.43797615522E-01 0.43797615522E-01 0.43797615522E-01 0.43797615522E-01 0.43883944151E-01 0.43970272779E-01 0.44316385687E-01 0.44662498594E-01 0.45262744923E-01 0.45864341147E-01 0.46715326004E-01 0.47566310862E-01 0.48663233847E-01
0.43797615522E-01 0.43797615522E-01 0.43797615522E-01 0.43797615522E-01 0.43797615522E-01 0.43797615522E-01 0.43797615522E-01 0.43797615522E-01 0.43797615522E-01 0.43797615522E-01 0.43797615522E-01 0.43797615522E-01 0.43797615522E-01 0.43797615522E-01 0.43797615522E-01 0.43797615522E-01 0.43797615522E-01 0.43797615522E-01 0.43797615522E-01 0.43797615522E-01 0.43797615522E-01 0.43797615522E-01 0.43797615522E-01 0.43797615522E-01 0.43797615522E-01 0.43797615522E-01 0.43797615522E-01 0.43797615522E-01 0.43797615522E-01 0.43799288307E-01 0.43800961092E-01 0.43821396807E-01 0.43841832523E-01 0.43877695989E-01 0.43913559456E-01 0.52419171779E-01 0.61038970644E-01 0.71138486585E-01 0.81238002525E-01 0.86780806008E-01 0.92323609490E-01 0.70142239599E-01 0.56472061476E-01 0.53437588327E-01
0.43797615522E-01 0.43797615522E-01 0.43797615522E-01 0.43797615522E-01 0.43797615522E-01 0.43797615522E-01 0.43797615522E-01 0.43797615522E-01 0.43797615522E-01 0.43797615522E-01 0.43797615522E-01 0.43797615522E-01 0.43797615522E-01 0.43797615522E-01 0.43797615522E-01 0.43797615522E-01 0.43797615522E-01 0.43797615522E-01 0.43797615522E-01 0.43797615522E-01 0.43797615522E-01 0.43797615522E-01 0.43797615522E-01 0.43797615522E-01 0.43797615522E-01 0.43797615522E-01 0.43797615522E-01 0.43797615522E-01 0.43797615522E-01 0.43800961092E-01 0.43804306662E-01 0.43845178092E-01 0.43886049523E-01 0.43957776456E-01 0.44029503390E-01 0.60961153364E-01 0.78121176421E-01 0.97983219726E-01 0.11784526303E+00 0.12834057947E+00 0.13883589591E+00 0.93636081388E-01 0.65384541950E-01 0.58222171973E-01
0.43797615522E-01 0.43797615522E-01 0.43797615522E-01 0.43797615522E-01 0.43797615522E-01 0.43797615522E-01 0.43797615522E-01 0.43797615522E-01 0.43797615522E-01 0.43797615522E-01 0.43797615522E-01 0.43797615522E-01 0.43797615522E-01 0.43797615522E-01 0.43797615522E-01 0.43797615522E-01 0.43797615522E-01 0.43797615522E-01 0.43797615522E-01 0.43797615522E-01 0.43797615522E-01 0.43797615522E-01 0.43797615522E-01 0.43797615522E-01 0.43797615522E-01 0.43797685301E-01 0.43797755080E-01 0.43820278921E-01 0.43842802762E-01 0.43899286118E-01 0.43955769473E-01 0.48394766119E-01 0.52991916715E-01 0.60118344167E-01 0.76363655524E-01 0.83072277005E-01 0.10031334269E+00 0.12345041538E+00 0.14658748808E+00 0.15618411766E+00 0.16578074725E+00 0.14038565162E+00 0.11499055600E+00 0.10823229320E+00
0.43797615522E-01 0.43797615522E-01 0.43797615522E-01 0.43797615522E-01 0.43797615522E-01 0.43797615522E-01 0.43797615522E-01 0.43797615522E-01 0.43797615522E-01 0.43797615522E-01 0.43797615522E-01 0.43797615522E-01 0.43797615522E-01 0.43797615522E-01 0.43797615522E-01 0.43797615522E-01 0.43797615522E-01 0.43797615522E-01 0.43797615522E-01 0.43797615522E-01 0.43797615522E-01 0.43797615522E-01 0.43797615522E-01 0.43797615522E-01 0.43797615522E-01 0.43797755080E-01 0.43797894638E-01 0.43842942320E-01 0.43887990001E-01 0.43997611143E-01 0.44107232285E-01 0.52991916715E-01 0.62186217908E-01 0.76438121143E-01 0.10892779219E+00 0.12218886635E+00 0.13544994051E+00 0.14891761104E+00 0.17962449778E+00 0.18402765586E+00 0.19272559859E+00 0.18713522186E+00 0.18154484512E+00 0.16677727869E+00
0.43797615522E-01 0.43797615522E-01 0.43797615522E-01 0.43797615522E-01 0.43797615522E-01 0.43797615522E-01 0.43797615522E-01 0.43797615522E-01 0.43797615522E-01 0.43797615522E-01 0.43797615522E-01 0.43797615522E-01 0.43797615522E-01 0.43797615522E-01 0.43797615522E-01 0.43797615522E-01 0.43797615522E-01 0.43797615522E-01 0.43797615522E-01 0.43797615522E-01 0.43797615522E-01 0.43797615522E-01 0.43797615522E-01 0.43801817546E-01 0.43806019570E-01 0.43853097779E-01 0.43900175988E-01 0.44012019775E-01 0.44123863563E-01 0.46528010588E-01 0.49243667048E-01 0.72826435429E-01 0.10109033284E+00 0.14785536911E+00 0.20498407354E+00 0.23115263473E+00 0.25732119593E+00 0.27116305535E+00 0.29670455746E+00 0.29303095452E+00 0.28935735159E+00 0.27559965244E+00 0.26447220066E+00 0.23742516724E+00
0.43797615522E-01 0.43797615522E-01 0.43797615522E-01 0.43797615522E-01 0.43797615522E-01 0.43797615522E-01 0.43797615522E-01 0.43797615522E-01 0.43797615522E-01 0.43797615522E-01 0.43797615522E-01 0.43797615522E-01 0.43797615522E-01 0.43797615522E-01 0.43797615522E-01 0.43797615522E-01 0.43797615522E-01 0.43797615522E-01 0.43797615522E-01 0.43797615522E-01 0.43797615522E-01 0.43797615522E-01 0.43797615522E-01 0.43806019570E-01 0.43814423618E-01 0.43908440478E-01 0.44002457338E-01 0.44181097231E-01 0.44359737124E-01 0.49258405654E-01 0.54689718575E-01 0.93452606223E-01 0.13999444778E+00 0.21927261708E+00 0.30104035490E+00 0.34011640312E+00 0.37919245134E+00 0.40021095859E+00 0.42122946584E+00 0.42414164405E+00 0.42705382227E+00 0.41247068715E+00 0.39788755203E+00 0.36078935852E+00
0.43797615522E-01 0.43797615522E-01 0.43797615522E-01 0.43797615522E-01 0.43797615522E-01 0.43797615522E-01 0.43797615522E-01 0.43797615522E-01 0.43797615522E-01 0.43797615522E-01 0.43797615522E-01 0.43797615522E-01 0.43797615522E-01 0.43797615522E-01 0.43797615522E-01 0.43797615522E-01 0.43797615522E-01 0.43797615522E-01 0.43797615522E-01 0.43797615522E-01 0.43797615522E-01 0.43805214740E-01 0.43812813957E-01 0.43880575524E-01 0.43948337090E-01 0.44114237223E-01 0.44280137357E-01 0.44530755288E-01 0.44781373220E-01 0.77273089249E-01 0.11054068219E+00 0.17552110833E+00 0.25438435469E+00 0.38426899780E+00 0.51415364092E+00 0.58094808570E+00 0.64774253048E+00 0.68641549271E+00 0.72508845495E+00 0.73502505122E+00 0.74496164750E+00 0.73029421820E+00 0.71562678891E+00 0.66145735797E+00
0.43797615522E-01 0.43797615522E-01 0.43797615522E-01 0.43797615522E-01 0.43797615522E-01 0.43797615522E-01 0.43797615522E-01 0.43797615522E-01 0.43797615522E-01 0.43797615522E-01 0.43797615522E-01 0.43797615522E-01 0.43797615522E-01 0.43797615522E-01 0.43797615522E-01 0.43797615522E-01 0.43797615522E-01 0.43797615522E-01 0.43797615522E-01 0.43797615522E-01 0.43797615522E-01 0.43812813957E-01 0.43828012393E-01 0.43955131477E-01 0.44082250562E-01 0.44320033969E-01 0.44557817376E-01 0.44880413346E-01 0.45203009316E-01 0.10528777284E+00 0.16639164581E+00 0.25758961044E+00 0.37126383010E+00 0.54926537852E+00 0.72726692693E+00 0.82177976827E+00 0.91629260961E+00 0.97262002683E+00 0.10289474441E+01 0.10459084584E+01 0.10628694727E+01 0.10481177493E+01 0.10333660258E+01 0.96212535742E+00
0.43797615522E-01 0.43797615522E-01 0.43797615522E-01 0.43797615522E-01 0.43797615522E-01 0.43797615522E-01 0.43797615522E-01 0.43797615522E-01 0.43797615522E-01 0.43797615522E-01 0.43797615522E-01 0.43797615522E-01 0.43797615522E-01 0.43797615522E-01 0.43797615522E-01 0.43797615522E-01 0.43797615522E-01 0.43797615522E-01 0.43797615522E-01 0.43803607853E-01 0.43809600183E-01 0.43885336238E-01 0.43961072293E-01 0.44161461554E-01 0.44361850815E-01 0.44676338879E-01 0.44990826943E-01 0.54515757127E-01 0.65134578780E-01 0.18077703767E+00 0.30872450787E+00 0.43780230717E+00 0.61771962818E+00 0.87043911577E+00 0.11231586034E+01 0.12674870684E+01 0.14118155334E+01 0.15023675454E+01 0.15929195574E+01 0.16363727516E+01 0.16798259459E+01 0.16724699994E+01 0.16651140529E+01 0.15639536303E+01
0.43797615522E-01 0.43797615522E-01 0.43797615522E-01 0.43797615522E-01 0.43797615522E-01 0.43797615522E-01 0.43797615522E-01 0.43797615522E-01 0.43797615522E-01 0.43797615522E-01 0.43797615522E-01 0.43797615522E-01 0.43797615522E-01 0.43797615522E-01 0.43797615522E-01 0.43797615522E-01 0.43797615522E-01 0.43797615522E-01 0.43797615522E-01 0.43809600183E-01 0.43821584844E-01 0.43957858518E-01 0.44094132193E-01 0.44367791630E-01 0.44641451068E-01 0.45032643790E-01 0.45423836511E-01 0.65186765146E-01 0.86378901181E-01 0.25626630249E+00 0.45105736994E+00 0.61801500391E+00 0.86417542626E+00 0.11916128530E+01 0.15190502798E+01 0.17131943685E+01 0.19073384572E+01 0.20321150640E+01 0.21568916707E+01 0.22268370449E+01 0.22967824190E+01 0.22968222495E+01 0.22968620799E+01 0.21657819032E+01
0.43797615522E-01 0.43797615522E-01 0.43797615522E-01 0.43797615522E-01 0.43797615522E-01 0.43797615522E-01 0.43797615522E-01 0.43797615522E-01 0.43797615522E-01 0.43797615522E-01 0.43797615522E-01 0.43797615522E-01 0.43797615522E-01 0.43797615522E-01 0.43797615522E-01 0.43797615522E-01 0.43797615522E-01 0.43799165157E-01 0.43800714792E-01 0.43866099013E-01 0.43931483234E-01 0.44140047613E-01 0.44348611991E-01 0.44698868291E-01 0.45049124591E-01 0.45522420313E-01 0.45995716035E-01 0.10132008907E+00 0.15840396393E+00 0.44868811665E+00 0.75734232966E+00 0.94962405140E+00 0.12961005726E+01 0.17039438215E+01 0.21117870703E+01 0.23710457650E+01 0.26303044596E+01 0.28155980720E+01 0.30008916845E+01 0.31187614733E+01 0.32366312621E+01 0.32411058613E+01 0.32455804605E+01 0.30738949445E+01
0.43797615522E-01 0.43797615522E-01 0.43797615522E-01 0.43797615522E-01 0.43797615522E-01 0.43797615522E-01 0.43797615522E-01 0.43797615522E-01 0.43797615522E-01 0.43797615522E-01 0.43797615522E-01 0.43797615522E-01 0.43797615522E-01 0.43797615522E-01 0.43797615522E-01 0.43797615522E-01 0.43797615522E-01 0.43800714792E-01 0.43803814061E-01 0.43922597843E-01 0.44041381624E-01 0.44322236707E-01 0.44603091790E-01 0.45029944952E-01 0.45456798113E-01 0.46012196836E-01 0.46567595559E-01 0.13745341299E+00 0.23042902668E+00 0.64110993081E+00 0.10636272894E+01 0.12969268982E+01 0.17280257190E+01 0.22162747899E+01 0.27045238609E+01 0.30288971614E+01 0.33532704620E+01 0.35990810801E+01 0.38448916982E+01 0.40106859017E+01 0.41764801051E+01 0.41853894731E+01 0.41942988411E+01 0.39820079859E+01
0.43797615522E-01 0.43797615522E-01 0.43797615522E-01 0.43797615522E-01 0.43797615522E-01 0.43797615522E-01 0.43797615522E-01 0.43797615522E-01 0.43797615522E-01 0.43797615522E-01 0.43797615522E-01 0.43797615522E-01 0.43797615522E-01 0.43797615522E-01 0.43797615522E-01 0.43797615522E-01 0.43797615522E-01 0.43835899189E-01 0.43874182856E-01 0.44065050120E-01 0.44255917384E-01 0.44608726139E-01 0.44961534894E-01 0.45468692622E-01 0.45975850350E-01 0.46733720436E-01 0.48546667970E-01 0.23022310122E+00 0.41189953447E+00 0.10025442212E+01 0.15931889079E+01 0.19070208831E+01 0.23201483458E+01 0.28481102842E+01 0.33760722226E+01 0.37556957763E+01 0.41353193300E+01 0.44512294268E+01 0.47671395237E+01 0.49573426353E+01 0.51475457469E+01 0.51326797571E+01 0.51178137674E+01 0.48572461347E+01
0.43797615522E-01 0.43797615522E-01 0.43797615522E-01 0.43797615522E-01 0.43797615522E-01 0.43797615522E-01 0.43797615522E-01 0.43797615522E-01 0.43797615522E-01 0.43797615522E-01 0.43797615522E-01 0.43797615522E-01 0.43797615522E-01 0.43797615522E-01 0.43797615522E-01 0.43797615522E-01 0.43797615522E-01 0.43871083587E-01 0.43944551651E-01 0.44207502398E-01 0.44470453144E-01 0.44895215571E-01 0.45319977997E-01 0.45907440292E-01 0.46494902586E-01 0.48604656192E-01 0.51909278839E-01 0.32855788777E+00 0.60520649670E+00 0.13639785116E+01 0.21227505265E+01 0.25171148680E+01 0.29122709726E+01 0.34799457785E+01 0.40476205843E+01 0.44824943912E+01 0.49173681980E+01 0.53033777736E+01 0.56893873492E+01 0.59039993689E+01 0.61186113886E+01 0.60799700411E+01 0.60413286937E+01 0.57324842836E+01
0.43797615522E-01 0.43797615522E-01 0.43797615522E-01 0.43797615522E-01 0.43797615522E-01 0.43797615522E-01 0.43797615522E-01 0.43797615522E-01 0.43797615522E-01 0.43797615522E-01 0.43797615522E-01 0.43797615522E-01 0.43797615522E-01 0.43797615522E-01 0.43797615522E-01 0.43809100600E-01 0.43820585677E-01 0.43955041315E-01 0.44092061049E-01 0.44424725588E-01 0.44757390127E-01 0.45258315660E-01 0.45759241193E-01 0.46431089297E-01 0.47102937402E-01 0.86858445444E-01 0.12794325323E+00 0.55747364805E+00 0.98700404287E+00 0.18785236054E+01 0.27700431680E+01 0.32139242056E+01 0.36578052432E+01 0.41358212181E+01 0.46138371929E+01 0.50374196169E+01 0.54918979410E+01 0.58733555530E+01 0.62548131651E+01 0.64336247943E+01 0.66124364235E+01 0.65261649840E+01 0.64398935444E+01 0.60794615886E+01
0.43797615522E-01 0.43797615522E-01 0.43797615522E-01 0.43797615522E-01 0.43797615522E-01 0.43797615522E-01 0.43797615522E-01 0.43797615522E-01 0.43797615522E-01 0.43797615522E-01 0.43797615522E-01 0.43797615522E-01 0.43797615522E-01 0.43797615522E-01 0.43797615522E-01 0.43820585677E-01 0.43843555833E-01 0.44040521403E-01 0.44239570446E-01 0.44641948778E-01 0.45044327110E-01 0.45621415750E-01 0.46198504389E-01 0.46954738303E-01 0.47710972217E-01 0.12511223470E+00 0.20397722761E+00 0.78638940833E+00 0.13688015890E+01 0.23930686993E+01 0.34173358096E+01 0.39107335432E+01 0.44041312769E+01 0.48043216630E+01 0.52045120492E+01 0.56178816726E+01 0.60664276840E+01 0.64433333325E+01 0.68202389809E+01 0.69632502197E+01 0.71062614585E+01 0.69723599268E+01 0.68384583951E+01 0.64264388937E+01
0.43797615522E-01 0.43797615522E-01 0.43797615522E-01 0.43797615522E-01 0.43797615522E-01 0.43797615522E-01 0.43797615522E-01 0.43797615522E-01 0.43797615522E-01 0.43797615522E-01 0.43797615522E-01 0.43797615522E-01 0.43797615522E-01 0.43797615522E-01 0.43797615522E-01 0.43863623521E-01 0.43929631520E-01 0.44189118106E-01 0.44448604692E-01 0.44914248623E-01 0.45385256420E-01 0.46045449362E-01 0.46705642305E-01 0.47543024893E-01 0.48380407482E-01 0.20700791523E+00 0.36732640342E+00 0.11483211639E+01 0.19293159244E+01 0.28493740468E+01 0.37694321693E+01 0.42270277378E+01 0.46846233063E+01 0.50726620190E+01 0.54607007317E+01 0.58898876078E+01 0.63190744838E+01 0.66634186835E+01 0.70077628832E+01 0.71010530866E+01 0.71943432901E+01 0.69672799373E+01 0.67402165846E+01 0.62575483167E+01
0.43797615522E-01 0.43797615522E-01 0.43797615522E-01 0.43797615522E-01 0.43797615522E-01 0.43797615522E-01 0.43797615522E-01 0.43797615522E-01 0.43797615522E-01 0.43797615522E-01 0.43797615522E-01 0.43797615522E-01 0.43797615522E-01 0.43797615522E-01 0.43797615522E-01 0.43906661365E-01 0.44015707207E-01 0.44337714810E-01 0.44659722412E-01 0.45186548468E-01 0.45726185729E-01 0.46469482975E-01 0.47212780221E-01 0.48131311483E-01 0.49049842746E-01 0.28890359575E+00 0.53067557923E+00 0.15102529195E+01 0.24898302597E+01 0.33056793944E+01 0.41215285290E+01 0.45433219324E+01 0.49651153357E+01 0.53410023750E+01 0.57168894143E+01 0.61618935429E+01 0.66068976715E+01 0.69186975095E+01 0.72304973475E+01 0.72835967260E+01 0.73366961046E+01 0.70284727889E+01 0.67202494733E+01 0.61833487681E+01
