rohan_plume/Data/plumes/1/CTET2020_MaxBelowRLM.ASC
ncols          200
nrows          150
xllcenter       564050.00
yllcenter       132850.00
cellsize      50.00
nodata_value      -1.00
[rows 60 to 79 of 150, columns 44 to 87 of 200]
0.26518616514E+01 0.28149278963E+01 0.29779941413E+01 0.34121842991E+01 0.38463744568E+01 0.39219446495E+01 0.39975148422E+01 0.41347660823E+01 0.42720173224E+01 0.41996469755E+01 0.41272766286E+01 0.34784780182E+01 0.28296794077E+01 0.19688649598E+01 0.11080505120E+01 0.91098349776E+00 0.71391648354E+00 0.10934399461E+01 0.14729634086E+01 0.26941690242E+01 0.39153746397E+01 0.66538097064E+01 0.93922447732E+01 0.16479075732E+02 0.23565906691E+02 0.42299356645E+02 0.61032806599E+02 0.10606041792E+03 0.15108802924E+03 0.22914629900E+03 0.30720456875E+03 0.37977338127E+03 0.45234219379E+03 0.47587027251E+03 0.49939835124E+03 0.47788503295E+03 0.45637171466E+03 0.41552273726E+03 0.37467375985E+03 0.33558727748E+03 0.29650079511E+03 0.27090504588E+03 0.24530929665E+03 0.22753085823E+03
0.24010454532E+01 0.26330278911E+01 0.28650103290E+01 0.34510736524E+01 0.40371369758E+01 0.42034868755E+01 0.43698367752E+01 0.44908317480E+01 0.46118267208E+01 0.46910949447E+01 0.47703631686E+01 0.42531722142E+01 0.37359812597E+01 0.27462602152E+01 0.17565391706E+01 0.14281537940E+01 0.10997684174E+01 0.15838557724E+01 0.20679431273E+01 0.36560106394E+01 0.52440781516E+01 0.88445401230E+01 0.12445002095E+02 0.21284547033E+02 0.30124091972E+02 0.51209906550E+02 0.72295721129E+02 0.11655131593E+03 0.16080691072E+03 0.22481887939E+03 0.28883084805E+03 0.34329428000E+03 0.39775771194E+03 0.42712767434E+03 0.45649763673E+03 0.44593200586E+03 0.43536637499E+03 0.39653051715E+03 0.35769465930E+03 0.31417563563E+03 0.27065661195E+03 0.24595885324E+03 0.22126109453E+03 0.23389001846E+03
0.16868139678E+01 0.18697620322E+01 0.20527100966E+01 0.27874280166E+01 0.35221459365E+01 0.39184363949E+01 0.43147268533E+01 0.48410712968E+01 0.53674157404E+01 0.54131785446E+01 0.54589413488E+01 0.51690639630E+01 0.48791865773E+01 0.41959241197E+01 0.35126616622E+01 0.31757604476E+01 0.28388592330E+01 0.33110684842E+01 0.37832777355E+01 0.59399340333E+01 0.80965903310E+01 0.12918553478E+02 0.17740516624E+02 0.28014842222E+02 0.38289167819E+02 0.60405531398E+02 0.82521894976E+02 0.12422035124E+03 0.16591880751E+03 0.21915281296E+03 0.27238681841E+03 0.30939983332E+03 0.34641284823E+03 0.37522669754E+03 0.40404054685E+03 0.40173274514E+03 0.39942494343E+03 0.36463331236E+03 0.32984168129E+03 0.29179686638E+03 0.25375205147E+03 0.25511477628E+03 0.25647750110E+03 0.27068377643E+03
0.97258248242E+00 0.11064961733E+01 0.12404098641E+01 0.21237823807E+01 0.30071548973E+01 0.36333859143E+01 0.42596169313E+01 0.51913108456E+01 0.61230047600E+01 0.61352621444E+01 0.61475195289E+01 0.60849557119E+01 0.60223918949E+01 0.56455880243E+01 0.52687841537E+01 0.49233671011E+01 0.45779500485E+01 0.50382811961E+01 0.54986123437E+01 0.82238574271E+01 0.10949102510E+02 0.16992566832E+02 0.23036031154E+02 0.34745137410E+02 0.46454243667E+02 0.69601156245E+02 0.92748068823E+02 0.13188938656E+03 0.17103070431E+03 0.21348674654E+03 0.25594278878E+03 0.27550538664E+03 0.29506798451E+03 0.32332572074E+03 0.35158345697E+03 0.35753348442E+03 0.36348351187E+03 0.33273610758E+03 0.30198870329E+03 0.26941809714E+03 0.23684749099E+03 0.26427069933E+03 0.29169390767E+03 0.30747753439E+03
0.71281855427E+00 0.79689755560E+00 0.88097655694E+00 0.15394305921E+01 0.21978846273E+01 0.30711828926E+01 0.39444811578E+01 0.49499740393E+01 0.59554669209E+01 0.64699649278E+01 0.69844629347E+01 0.71038491546E+01 0.72232353745E+01 0.75852123540E+01 0.79471893336E+01 0.84375740469E+01 0.89279587603E+01 0.94778089090E+01 0.10027659058E+02 0.12863000713E+02 0.15698342367E+02 0.22283133357E+02 0.28867924346E+02 0.40833506279E+02 0.52799088212E+02 0.75169629091E+02 0.97540169970E+02 0.13357280031E+03 0.16960543065E+03 0.20831526082E+03 0.24702509100E+03 0.26287048696E+03 0.27871588293E+03 0.29758234114E+03 0.31644879935E+03 0.31904965456E+03 0.32165050978E+03 0.29629551381E+03 0.27094051784E+03 0.26020813342E+03 0.24947574900E+03 0.28689121915E+03 0.32430668931E+03 0.33841694231E+03
0.45305462611E+00 0.48729893791E+00 0.52154324972E+00 0.95507880353E+00 0.13886143573E+01 0.25089798708E+01 0.36293453842E+01 0.47086372330E+01 0.57879290819E+01 0.68046677111E+01 0.78214063404E+01 0.81227425973E+01 0.84240788541E+01 0.95248366837E+01 0.10625594513E+02 0.11951780993E+02 0.13277967472E+02 0.13917336622E+02 0.14556705772E+02 0.17502143998E+02 0.20447582224E+02 0.27573699881E+02 0.34699817538E+02 0.46921875148E+02 0.59143932758E+02 0.80738101938E+02 0.10233227112E+03 0.13525621406E+03 0.16818015700E+03 0.20314377511E+03 0.23810739322E+03 0.25023558728E+03 0.26236378134E+03 0.27183896154E+03 0.28131414173E+03 0.28056582471E+03 0.27981750768E+03 0.25985492004E+03 0.23989233240E+03 0.25099816970E+03 0.26210400700E+03 0.30951173898E+03 0.35691947095E+03 0.36935635023E+03
0.33882532622E+00 0.34775252084E+00 0.35667971546E+00 0.63961951327E+00 0.92255931109E+00 0.17986774518E+01 0.26747955924E+01 0.40177994878E+01 0.53608033831E+01 0.66150814667E+01 0.78693595504E+01 0.87519882566E+01 0.96346169629E+01 0.11372664829E+02 0.13110712696E+02 0.15758327236E+02 0.18405941775E+02 0.21364254606E+02 0.24322567436E+02 0.28800299455E+02 0.33278031475E+02 0.38913120152E+02 0.44548208830E+02 0.53292028299E+02 0.62035847768E+02 0.78379866212E+02 0.94723884656E+02 0.11840000022E+03 0.14207611579E+03 0.16026536560E+03 0.17845461541E+03 0.19074639800E+03 0.20303818060E+03 0.20786123718E+03 0.21268429377E+03 0.22436538133E+03 0.23604646889E+03 0.24623759840E+03 0.25642872790E+03 0.28064489256E+03 0.30486105721E+03 0.34238425727E+03 0.37990745732E+03 0.39061514790E+03
0.22459602633E+00 0.20820610377E+00 0.19181618120E+00 0.32416022302E+00 0.45650426484E+00 0.10883750327E+01 0.17202458006E+01 0.33269617425E+01 0.49336776844E+01 0.64254952223E+01 0.79173127603E+01 0.93812339160E+01 0.10845155072E+02 0.13220492975E+02 0.15595830878E+02 0.19564873478E+02 0.23533916079E+02 0.28811172589E+02 0.34088429100E+02 0.40098454913E+02 0.46108480726E+02 0.50252540424E+02 0.54396600122E+02 0.59662181450E+02 0.64927762778E+02 0.76021630486E+02 0.87115498194E+02 0.10154378639E+03 0.11597207458E+03 0.11738695609E+03 0.11880183760E+03 0.13125720873E+03 0.14371257986E+03 0.14388351283E+03 0.14405444580E+03 0.16816493795E+03 0.19227543011E+03 0.23262027675E+03 0.27296512340E+03 0.31029161541E+03 0.34761810742E+03 0.37525677555E+03 0.40289544368E+03 0.41187394556E+03
0.18621458053E+00 0.17508555370E+00 0.16395652687E+00 0.20543410906E+00 0.24691169124E+00 0.93093187984E+00 0.16149520684E+01 0.26670187102E+01 0.37190853519E+01 0.56709427866E+01 0.76228002214E+01 0.99946962028E+01 0.12366592184E+02 0.15512374838E+02 0.18658157492E+02 0.24592258965E+02 0.30526360438E+02 0.38754585353E+02 0.46982810267E+02 0.54784435173E+02 0.62586060078E+02 0.69326738292E+02 0.76067416506E+02 0.77869547425E+02 0.79671678344E+02 0.83597655125E+02 0.87523631907E+02 0.94943201318E+02 0.10236277073E+03 0.10571878031E+03 0.10907478989E+03 0.11384781247E+03 0.11862083505E+03 0.12248643299E+03 0.12635203094E+03 0.16914963232E+03 0.21194723371E+03 0.25739596903E+03 0.30284470435E+03 0.33961673191E+03 0.37638875948E+03 0.39768469398E+03 0.41898062849E+03 0.41882988409E+03
0.14783313473E+00 0.14196500364E+00 0.13609687255E+00 0.86707995093E-01 0.37319117641E-01 0.77348872695E+00 0.15096583363E+01 0.20070756779E+01 0.25044930195E+01 0.49163903509E+01 0.73282876824E+01 0.10608158490E+02 0.13888029297E+02 0.17804256702E+02 0.21720484106E+02 0.29619644452E+02 0.37518804798E+02 0.48697998116E+02 0.59877191435E+02 0.69470415432E+02 0.79063639430E+02 0.88400936160E+02 0.97738232891E+02 0.96076913400E+02 0.94415593909E+02 0.91173679764E+02 0.87931765619E+02 0.88342616250E+02 0.88753466882E+02 0.94050604529E+02 0.99347742176E+02 0.96438416207E+02 0.93529090238E+02 0.10108935316E+03 0.10864961607E+03 0.17013432669E+03 0.23161903730E+03 0.28217166130E+03 0.33272428529E+03 0.36894184841E+03 0.40515941153E+03 0.42011261241E+03 0.43506581329E+03 0.42578582262E+03
0.11398165087E+00 0.12163691857E+00 0.12929218627E+00 0.11532369183E+00 0.10135519739E+00 0.54847814735E+00 0.99560109731E+00 0.13786722759E+01 0.17617434545E+01 0.43986201304E+01 0.70354968063E+01 0.11146468255E+02 0.15257439703E+02 0.21824965620E+02 0.28392491538E+02 0.39935212589E+02 0.51477933640E+02 0.65336380969E+02 0.79194828297E+02 0.90921574604E+02 0.10264832091E+03 0.11402491284E+03 0.12540150476E+03 0.12341277857E+03 0.12142405238E+03 0.11246390125E+03 0.10350375012E+03 0.98602025763E+02 0.93700301408E+02 0.99646806645E+02 0.10559331188E+03 0.10957993577E+03 0.11356655966E+03 0.12321343123E+03 0.13286030280E+03 0.17233367231E+03 0.21180704181E+03 0.25581315230E+03 0.29981926278E+03 0.35135949387E+03 0.40289972495E+03 0.41966016432E+03 0.43642060369E+03 0.42773833478E+03
0.80130166997E-01 0.10130883350E+00 0.12248750000E+00 0.14393938857E+00 0.16539127714E+00 0.32346756775E+00 0.48154385835E+00 0.75026887398E+00 0.10189938896E+01 0.38808499099E+01 0.67427059302E+01 0.11684778020E+02 0.16626850110E+02 0.25845674539E+02 0.35064498969E+02 0.50250780726E+02 0.65437062482E+02 0.81974763821E+02 0.98512465159E+02 0.11237273377E+03 0.12623300239E+03 0.13964888951E+03 0.15306477663E+03 0.15074864374E+03 0.14843251086E+03 0.13375412274E+03 0.11907573462E+03 0.10886143528E+03 0.98647135934E+02 0.10524300876E+03 0.11183888159E+03 0.12272145534E+03 0.13360402909E+03 0.14533750931E+03 0.15707098953E+03 0.17453301793E+03 0.19199504633E+03 0.22945464330E+03 0.26691424027E+03 0.33377713932E+03 0.40064003836E+03 0.41920771623E+03 0.43777539409E+03 0.42969084694E+03
0.78343651783E-01 0.98783560105E-01 0.11922346843E+00 0.13549838200E+00 0.15177329557E+00 0.23439952823E+00 0.31702576088E+00 0.46322925513E+00 0.60943274938E+00 0.27766763430E+01 0.49439199367E+01 0.10977834463E+02 0.17011748990E+02 0.32245609388E+02 0.47479469786E+02 0.68980428593E+02 0.90481387400E+02 0.10389556896E+03 0.11730975052E+03 0.13025040384E+03 0.14319105716E+03 0.15621866024E+03 0.16924626332E+03 0.16484724203E+03 0.16044822074E+03 0.14729993669E+03 0.13415165264E+03 0.12422092715E+03 0.11429020166E+03 0.11840582012E+03 0.12252143858E+03 0.13281442929E+03 0.14310741999E+03 0.14684315446E+03 0.15057888893E+03 0.16139907104E+03 0.17221925316E+03 0.21128031586E+03 0.25034137856E+03 0.31642525051E+03 0.38250912245E+03 0.40452064942E+03 0.42653217639E+03 0.42385666577E+03
0.76557136569E-01 0.96258286710E-01 0.11595943685E+00 0.12705737542E+00 0.13815531400E+00 0.14533148871E+00 0.15250766342E+00 0.17618963629E+00 0.19987160916E+00 0.16725027762E+01 0.31451339432E+01 0.10270890906E+02 0.17396647869E+02 0.38645544236E+02 0.59894440603E+02 0.87710076460E+02 0.11552571232E+03 0.12581637410E+03 0.13610703588E+03 0.14812807390E+03 0.16014911193E+03 0.17278843097E+03 0.18542775001E+03 0.17894584032E+03 0.17246393063E+03 0.16084575065E+03 0.14922757067E+03 0.13958041903E+03 0.12993326739E+03 0.13156863148E+03 0.13320399557E+03 0.14290740324E+03 0.15261081090E+03 0.14834879962E+03 0.14408678833E+03 0.14826512416E+03 0.15244345999E+03 0.19310598842E+03 0.23376851685E+03 0.29907336169E+03 0.36437820654E+03 0.38983358261E+03 0.41528895868E+03 0.41802248461E+03
0.22549394718E+00 0.31772697734E+00 0.40996000750E+00 0.55224129259E+00 0.69452257767E+00 0.71557678129E+00 0.73663098490E+00 0.67456679960E+00 0.61250261430E+00 0.15112332887E+01 0.24099639632E+01 0.92364447634E+01 0.16062925564E+02 0.40039692093E+02 0.64016458623E+02 0.95215379219E+02 0.12641429982E+03 0.13629133717E+03 0.14616837452E+03 0.16087458471E+03 0.17558079489E+03 0.18640760833E+03 0.19723442176E+03 0.18058800348E+03 0.16394158519E+03 0.16210190881E+03 0.16026223243E+03 0.15663789346E+03 0.15301355448E+03 0.15210558618E+03 0.15119761788E+03 0.15345098103E+03 0.15570434417E+03 0.13941426553E+03 0.12312418689E+03 0.11986171877E+03 0.11659925065E+03 0.15976838371E+03 0.20293751677E+03 0.27337870223E+03 0.34381988769E+03 0.38015564945E+03 0.41649141120E+03 0.42326514436E+03
0.37443075780E+00 0.53919566798E+00 0.70396057816E+00 0.97742520975E+00 0.12508898413E+01 0.12858220739E+01 0.13207543064E+01 0.11729439629E+01 0.10251336194E+01 0.13499638013E+01 0.16747939832E+01 0.82019986206E+01 0.14729203258E+02 0.41433839950E+02 0.68138476643E+02 0.10272068198E+03 0.13730288732E+03 0.14676630023E+03 0.15622971315E+03 0.17362109551E+03 0.19101247786E+03 0.20002678569E+03 0.20904109351E+03 0.18223016663E+03 0.15541923975E+03 0.16335806697E+03 0.17129689420E+03 0.17369536789E+03 0.17609384158E+03 0.17264254088E+03 0.16919124019E+03 0.16399455882E+03 0.15879787744E+03 0.13047973144E+03 0.10216158544E+03 0.91458313377E+02 0.80755041309E+02 0.12643077901E+03 0.17210651670E+03 0.24768404277E+03 0.32326156885E+03 0.37047771628E+03 0.41769386371E+03 0.42850780411E+03
0.40082194234E+00 0.62011879552E+00 0.83941564869E+00 0.10484369407E+01 0.12574582328E+01 0.12874373824E+01 0.13174165321E+01 0.12225918152E+01 0.11277670983E+01 0.13815755389E+01 0.16353839795E+01 0.77618741399E+01 0.13888364300E+02 0.42761864596E+02 0.71635364891E+02 0.10840990685E+03 0.14518444881E+03 0.16303926093E+03 0.18089407305E+03 0.19555014429E+03 0.21020621554E+03 0.22006966449E+03 0.22993311343E+03 0.20259072559E+03 0.17524833775E+03 0.17818059695E+03 0.18111285614E+03 0.19102124780E+03 0.20092963946E+03 0.19910030661E+03 0.19727097375E+03 0.18657972199E+03 0.17588847023E+03 0.14554187945E+03 0.11519528868E+03 0.10010412621E+03 0.85012963733E+02 0.12959336208E+03 0.17417376043E+03 0.24615930994E+03 0.31814485946E+03 0.36209802085E+03 0.40605118225E+03 0.41396867173E+03
0.42721312688E+00 0.70104192305E+00 0.97487071922E+00 0.11194486717E+01 0.12640266242E+01 0.12890526910E+01 0.13140787577E+01 0.12722396675E+01 0.12304005773E+01 0.14131872766E+01 0.15959739759E+01 0.73217496592E+01 0.13047525342E+02 0.44089889241E+02 0.75132253140E+02 0.11409913172E+03 0.15306601031E+03 0.17931222162E+03 0.20555843294E+03 0.21747919308E+03 0.22939995322E+03 0.24011254328E+03 0.25082513335E+03 0.22295128455E+03 0.19507743576E+03 0.19300312692E+03 0.19092881809E+03 0.20834712771E+03 0.22576543734E+03 0.22555807233E+03 0.22535070732E+03 0.20916488517E+03 0.19297906302E+03 0.16060402746E+03 0.12822899191E+03 0.10874993903E+03 0.89270886156E+02 0.13275594516E+03 0.17624100416E+03 0.24463457711E+03 0.31302815006E+03 0.35371832542E+03 0.39440850078E+03 0.39942953935E+03
0.51712987735E+00 0.74391767858E+00 0.97070547980E+00 0.10757617792E+01 0.11808180785E+01 0.12013046899E+01 0.12217913012E+01 0.21533925645E+01 0.30849938278E+01 0.37694531311E+01 0.44539124343E+01 0.86017058147E+01 0.12749499195E+02 0.42104959456E+02 0.71460419717E+02 0.10804233720E+03 0.14462425469E+03 0.17242061123E+03 0.20021696776E+03 0.21697807170E+03 0.23373917564E+03 0.24323725139E+03 0.25273532714E+03 0.23071603100E+03 0.20869673486E+03 0.20984748863E+03 0.21099824239E+03 0.22793111112E+03 0.24486397985E+03 0.25168820568E+03 0.25851243150E+03 0.25525194644E+03 0.25199146138E+03 0.22914196521E+03 0.20629246904E+03 0.19236692286E+03 0.17844137669E+03 0.21331449906E+03 0.24818762143E+03 0.30099327281E+03 0.35379892420E+03 0.38150633113E+03 0.40921373806E+03 0.40521743006E+03
0.60704662782E+00 0.78679343410E+00 0.96654024039E+00 0.10320748866E+01 0.10976095329E+01 0.11135566888E+01 0.11295038448E+01 0.30345454616E+01 0.49395870784E+01 0.61257189856E+01 0.73118508927E+01 0.98816619702E+01 0.12451473048E+02 0.40120029671E+02 0.67788586294E+02 0.10198554269E+03 0.13618249908E+03 0.16552900083E+03 0.19487550258E+03 0.21647695032E+03 0.23807839806E+03 0.24636195950E+03 0.25464552094E+03 0.23848077745E+03 0.22231603396E+03 0.22669185033E+03 0.23106766670E+03 0.24751509453E+03 0.26396252237E+03 0.27781833903E+03 0.29167415568E+03 0.30133900771E+03 0.31100385974E+03 0.29767990295E+03 0.28435594617E+03 0.27598390669E+03 0.26761186722E+03 0.29387305296E+03 0.32013423870E+03 0.35735196852E+03 0.39456969834E+03 0.40929433684E+03 0.42401897534E+03 0.41100532077E+03
