rohan_plume/Data/plumes/1/CTET2020_MaxBelowRLM.ASC
ncols          200
nrows          150
xllcenter       564050.00
yllcenter       132850.00
cellsize      50.00
nodata_value      -1.00
[rows 80 to 99 of 150, columns 0 to 43 of 200]
0.43797615522E-01 0.43797615522E-01 0.43797615522E-01 0.43797615522E-01 0.43797615522E-01 0.43797615522E-01 0.43797615522E-01 0.43791304589E-01 0.43784993657E-01 0.43490123126E-01 0.43195252596E-01 0.42460651279E-01 0.41726049962E-01 0.40592988927E-01 0.39459927893E-01 0.37959083566E-01 0.36458239240E-01 0.34656987633E-01 0.32855736027E-01 0.31143460910E-01 0.29431185793E-01 0.27659873309E-01 0.25888560825E-01 0.23904101644E-01 0.21919642462E-01 0.20226293818E-01 0.18532945175E-01 0.17159639824E-01 0.15786334474E-01 0.14662996493E-01 0.13539658512E-01 0.12808295405E-01 0.12076932299E-01 0.15083687592E-01 0.18090442885E-01 0.20134611315E-01 0.22178779745E-01 0.63498868559E-01 0.10481895737E+00 0.15994212221E+00 0.21506528706E+00 0.24373275333E+00 0.27240021961E+00 0.35905317136E+00
0.43797615522E-01 0.43797615522E-01 0.43797615522E-01 0.43797615522E-01 0.43797615522E-01 0.43797615522E-01 0.43797615522E-01 0.43797615522E-01 0.43797615522E-01 0.43559657496E-01 0.43321699470E-01 0.42642993482E-01 0.41964287495E-01 0.40901666938E-01 0.39839046382E-01 0.38376976635E-01 0.36914906889E-01 0.35069465224E-01 0.33224023560E-01 0.31492284116E-01 0.29760544672E-01 0.27948254960E-01 0.26135965247E-01 0.24148783280E-01 0.22161601314E-01 0.20511228938E-01 0.18860856562E-01 0.17525500876E-01 0.16190145190E-01 0.15040637312E-01 0.13891129434E-01 0.13136342487E-01 0.12381555541E-01 0.18725641607E-01 0.25069727673E-01 0.27041275078E-01 0.29012822483E-01 0.10060190397E+00 0.17219098545E+00 0.20859607783E+00 0.24500117020E+00 0.26550198515E+00 0.28600280011E+00 0.28518420926E+00
0.43797615522E-01 0.43797615522E-01 0.43797615522E-01 0.43797615522E-01 0.43797615522E-01 0.43797615522E-01 0.43797615522E-01 0.43797615522E-01 0.43797615522E-01 0.43620700663E-01 0.43443785804E-01 0.42835395498E-01 0.42227005192E-01 0.41237994004E-01 0.40248982817E-01 0.38837050836E-01 0.37425118855E-01 0.35604747637E-01 0.33784376420E-01 0.31981833873E-01 0.30179291326E-01 0.28326077722E-01 0.26472864117E-01 0.24494208690E-01 0.22515553262E-01 0.20925941785E-01 0.19336330307E-01 0.18053888552E-01 0.16771446797E-01 0.15623203990E-01 0.14474961183E-01 0.17591473233E-01 0.20707985284E-01 0.45420973647E-01 0.70133962009E-01 0.75654138917E-01 0.81174315825E-01 0.14697859406E+00 0.21278287229E+00 0.26845138513E+00 0.32411989798E+00 0.36501061436E+00 0.40590133075E+00 0.41088910814E+00
0.43797615522E-01 0.43797615522E-01 0.43797615522E-01 0.43797615522E-01 0.43797615522E-01 0.43797615522E-01 0.43797615522E-01 0.43797615522E-01 0.43797615522E-01 0.43681743831E-01 0.43565872139E-01 0.43027797514E-01 0.42489722889E-01 0.41574321070E-01 0.40658919252E-01 0.39297125037E-01 0.37935330821E-01 0.36140030050E-01 0.34344729279E-01 0.32471383630E-01 0.30598037980E-01 0.28703900484E-01 0.26809762987E-01 0.24839634099E-01 0.22869505211E-01 0.21340654632E-01 0.19811804052E-01 0.18582276229E-01 0.17352748405E-01 0.16205770668E-01 0.15058792931E-01 0.22046603979E-01 0.29034415027E-01 0.72116305687E-01 0.11519819635E+00 0.12426700276E+00 0.13333580917E+00 0.19335528414E+00 0.25337475912E+00 0.32830669244E+00 0.40323862576E+00 0.46451924357E+00 0.52579986139E+00 0.53659400701E+00
0.43797615522E-01 0.43797615522E-01 0.43797615522E-01 0.43797615522E-01 0.43797615522E-01 0.43797615522E-01 0.43797615522E-01 0.43797615522E-01 0.43797615522E-01 0.43726568087E-01 0.43655520653E-01 0.43202649197E-01 0.42749777741E-01 0.41911738725E-01 0.41073699708E-01 0.39771719729E-01 0.38469739750E-01 0.36729686441E-01 0.34989633131E-01 0.33072817899E-01 0.31156002666E-01 0.29203929759E-01 0.27251856852E-01 0.25294518343E-01 0.23337179835E-01 0.21848868370E-01 0.20360556906E-01 0.19186916658E-01 0.18013276409E-01 0.16925632360E-01 0.15837988310E-01 0.48697528951E-01 0.81557069591E-01 0.10896885589E+00 0.13638064219E+00 0.14386497137E+00 0.15134930055E+00 0.24044660153E+00 0.32954390251E+00 0.50126941892E+00 0.67299493533E+00 0.77724584209E+00 0.88149674885E+00 0.83454986122E+00
0.43797615522E-01 0.43797615522E-01 0.43797615522E-01 0.43797615522E-01 0.43797615522E-01 0.43797615522E-01 0.43797615522E-01 0.43797615522E-01 0.43797615522E-01 0.43771392344E-01 0.43745169167E-01 0.43377500880E-01 0.43009832594E-01 0.42249156379E-01 0.41488480164E-01 0.40246314422E-01 0.39004148680E-01 0.37319342831E-01 0.35634536983E-01 0.33674252167E-01 0.31713967352E-01 0.29703959034E-01 0.27693950716E-01 0.25749402587E-01 0.23804854458E-01 0.22357082109E-01 0.20909309760E-01 0.19791557087E-01 0.18673804414E-01 0.17645494052E-01 0.16617183689E-01 0.75348453922E-01 0.13407972415E+00 0.14582140609E+00 0.15756308804E+00 0.16346293998E+00 0.16936279193E+00 0.28753791891E+00 0.40571304590E+00 0.67423214540E+00 0.94275124491E+00 0.10899724406E+01 0.12371936363E+01 0.11325057154E+01
0.43797615522E-01 0.43797615522E-01 0.43797615522E-01 0.43797615522E-01 0.43797615522E-01 0.43797615522E-01 0.43797615522E-01 0.43797615522E-01 0.43797615522E-01 0.43784503933E-01 0.43771392344E-01 0.43501123135E-01 0.43230853925E-01 0.42559701024E-01 0.41888548123E-01 0.40714263812E-01 0.39539979501E-01 0.37925808210E-01 0.36311636919E-01 0.34406701583E-01 0.32501766246E-01 0.30389020537E-01 0.28276274827E-01 0.26325955646E-01 0.24375636466E-01 0.22950625563E-01 0.21525614661E-01 0.20431782856E-01 0.19337951050E-01 0.18362810987E-01 0.17387670924E-01 0.84407148383E-01 0.15142662584E+00 0.16554968268E+00 0.17967273951E+00 0.19046211965E+00 0.20125149980E+00 0.40659330982E+00 0.61193511985E+00 0.82024012093E+00 0.10285451220E+01 0.11518976374E+01 0.12752501527E+01 0.12751805930E+01
0.43797615522E-01 0.43797615522E-01 0.43797615522E-01 0.43797615522E-01 0.43797615522E-01 0.43797615522E-01 0.43797615522E-01 0.43797615522E-01 0.43797615522E-01 0.43797615522E-01 0.43797615522E-01 0.43624745389E-01 0.43451875257E-01 0.42870245670E-01 0.42288616083E-01 0.41182213202E-01 0.40075810321E-01 0.38532273588E-01 0.36988736855E-01 0.35139150998E-01 0.33289565140E-01 0.31074082039E-01 0.28858598938E-01 0.26902508706E-01 0.24946418473E-01 0.23544169017E-01 0.22141919561E-01 0.21072008624E-01 0.20002097687E-01 0.19080127922E-01 0.18158158158E-01 0.93465842844E-01 0.16877352753E+00 0.18527795926E+00 0.20178239099E+00 0.21746129933E+00 0.23314020766E+00 0.52564870073E+00 0.81815719380E+00 0.96624809645E+00 0.11143389991E+01 0.12138228341E+01 0.13133066692E+01 0.14178554706E+01
0.43797615522E-01 0.43797615522E-01 0.43797615522E-01 0.43797615522E-01 0.43797615522E-01 0.43797615522E-01 0.43797615522E-01 0.43797615522E-01 0.43797615522E-01 0.43797615522E-01 0.43797615522E-01 0.43695978422E-01 0.43594341322E-01 0.43117157578E-01 0.42639973833E-01 0.41623617357E-01 0.40607260881E-01 0.39138922806E-01 0.37670584730E-01 0.35890859752E-01 0.34111134775E-01 0.31942648720E-01 0.29774162665E-01 0.27700884691E-01 0.25627606717E-01 0.24224442937E-01 0.22821279156E-01 0.21718886666E-01 0.20616494177E-01 0.19715486797E-01 0.18814479418E-01 0.10163347430E+00 0.18445246919E+00 0.21674667396E+00 0.24904087873E+00 0.26515236389E+00 0.28126384905E+00 0.57339920463E+00 0.86553456021E+00 0.98468691535E+00 0.11038392705E+01 0.11931700881E+01 0.12825009057E+01 0.13868290523E+01
0.43797615522E-01 0.43797615522E-01 0.43797615522E-01 0.43797615522E-01 0.43797615522E-01 0.43797615522E-01 0.43797615522E-01 0.43797615522E-01 0.43797615522E-01 0.43797615522E-01 0.43797615522E-01 0.43767211455E-01 0.43736807388E-01 0.43364069486E-01 0.42991331584E-01 0.42065021512E-01 0.41138711440E-01 0.39745572023E-01 0.38352432605E-01 0.36642568507E-01 0.34932704409E-01 0.32811215401E-01 0.30689726393E-01 0.28499260677E-01 0.26308794961E-01 0.24904716856E-01 0.23500638751E-01 0.22365764709E-01 0.21230890667E-01 0.20350845673E-01 0.19470800678E-01 0.10980110576E+00 0.20013141085E+00 0.24821538866E+00 0.29629936647E+00 0.31284342845E+00 0.32938749043E+00 0.62114970853E+00 0.91291192662E+00 0.10031257343E+01 0.10933395419E+01 0.11725173421E+01 0.12516951422E+01 0.13558026341E+01
0.43797615522E-01 0.43797615522E-01 0.43797615522E-01 0.43797615522E-01 0.43797615522E-01 0.43797615522E-01 0.43797615522E-01 0.43797615522E-01 0.43797615522E-01 0.43797615522E-01 0.43797615522E-01 0.43782413684E-01 0.43767211847E-01 0.43509779897E-01 0.43252347946E-01 0.42437996694E-01 0.41623645442E-01 0.40327348535E-01 0.39031051629E-01 0.37397954644E-01 0.35764857660E-01 0.33735884038E-01 0.31706910416E-01 0.29519831477E-01 0.27332752539E-01 0.25758526041E-01 0.24184299542E-01 0.22992549629E-01 0.21800799715E-01 0.24147283460E-01 0.26493767205E-01 0.14016473235E+00 0.25383569750E+00 0.30432141942E+00 0.35480714134E+00 0.36609325182E+00 0.37737936230E+00 0.66291225978E+00 0.94844515727E+00 0.10312240890E+01 0.11140030208E+01 0.11802517858E+01 0.12465005508E+01 0.13339225630E+01
0.43797615522E-01 0.43797615522E-01 0.43797615522E-01 0.43797615522E-01 0.43797615522E-01 0.43797615522E-01 0.43797615522E-01 0.43797615522E-01 0.43797615522E-01 0.43797615522E-01 0.43797615522E-01 0.43797615914E-01 0.43797616306E-01 0.43655490307E-01 0.43513364309E-01 0.42810971876E-01 0.42108579443E-01 0.40909125047E-01 0.39709670652E-01 0.38153340781E-01 0.36597010910E-01 0.34660552674E-01 0.32724094439E-01 0.30540402278E-01 0.28356710117E-01 0.26612335226E-01 0.24867960334E-01 0.23619334549E-01 0.22370708764E-01 0.27943721248E-01 0.33516733733E-01 0.17052835894E+00 0.30753998416E+00 0.36042745018E+00 0.41331491621E+00 0.41934307519E+00 0.42537123417E+00 0.70467481104E+00 0.98397838791E+00 0.10593224438E+01 0.11346664996E+01 0.11879862295E+01 0.12413059593E+01 0.13120424918E+01
0.43797615522E-01 0.43797615522E-01 0.43797615522E-01 0.43797615522E-01 0.43797615522E-01 0.43797615522E-01 0.43797615522E-01 0.43797615522E-01 0.43797615522E-01 0.43797615522E-01 0.43797615522E-01 0.43797932696E-01 0.43798249870E-01 0.43716630854E-01 0.43635011837E-01 0.43065205369E-01 0.42495398902E-01 0.41415616278E-01 0.40335833654E-01 0.38878988933E-01 0.37422144213E-01 0.35600143575E-01 0.33778142938E-01 0.31634422454E-01 0.29490701971E-01 0.27645095268E-01 0.25799488566E-01 0.26193354456E-01 0.26587220345E-01 0.36033757010E-01 0.45480293674E-01 0.11480800818E+00 0.18413572269E+00 0.29124583008E+00 0.39835593747E+00 0.41685258926E+00 0.43534924106E+00 0.71787440165E+00 0.10003995622E+01 0.10760545846E+01 0.11517096069E+01 0.11964452995E+01 0.12411809920E+01 0.13036231644E+01
0.43797615522E-01 0.43797615522E-01 0.43797615522E-01 0.43797615522E-01 0.43797615522E-01 0.43797615522E-01 0.43797615522E-01 0.43797615522E-01 0.43797615522E-01 0.43797615522E-01 0.43797615522E-01 0.43798249479E-01 0.43798883435E-01 0.43777771400E-01 0.43756659365E-01 0.43319438863E-01 0.42882218360E-01 0.41922107508E-01 0.40961996656E-01 0.39604637086E-01 0.38247277516E-01 0.36539734476E-01 0.34832191437E-01 0.32728442630E-01 0.30624693824E-01 0.28677855311E-01 0.26731016797E-01 0.28767374362E-01 0.30803731927E-01 0.44123792771E-01 0.57443853615E-01 0.59087657419E-01 0.60731461224E-01 0.22206420997E+00 0.38339695872E+00 0.41436210333E+00 0.44532724794E+00 0.73107399226E+00 0.10168207366E+01 0.10927867254E+01 0.11687527142E+01 0.12049043695E+01 0.12410560248E+01 0.12952038369E+01
0.43797615522E-01 0.43797615522E-01 0.43797615522E-01 0.43797615522E-01 0.43797615522E-01 0.43797615522E-01 0.43797615522E-01 0.43797615522E-01 0.43797615522E-01 0.43797615522E-01 0.43797615522E-01 0.43799000560E-01 0.43800385597E-01 0.43786924124E-01 0.43773462651E-01 0.43442819295E-01 0.43112175938E-01 0.42293459400E-01 0.41474742861E-01 0.40240930281E-01 0.39007117701E-01 0.37430526304E-01 0.35853934906E-01 0.33812783408E-01 0.31771631910E-01 0.29750566685E-01 0.27729501459E-01 0.27910941895E-01 0.28092382331E-01 0.36096244615E-01 0.44100106900E-01 0.49760803491E-01 0.55421500082E-01 0.14177815684E+00 0.22813481360E+00 0.32215247728E+00 0.41617014096E+00 0.58306931521E+00 0.74996848946E+00 0.93601519395E+00 0.11220618984E+01 0.11721142805E+01 0.12221666625E+01 0.12764859000E+01
0.43797615522E-01 0.43797615522E-01 0.43797615522E-01 0.43797615522E-01 0.43797615522E-01 0.43797615522E-01 0.43797615522E-01 0.43797615522E-01 0.43797615522E-01 0.43797615522E-01 0.43797615522E-01 0.43799751640E-01 0.43801887759E-01 0.43796076848E-01 0.43790265937E-01 0.43566199727E-01 0.43342133517E-01 0.42664811292E-01 0.41987489067E-01 0.40877223477E-01 0.39766957887E-01 0.38321318131E-01 0.36875678376E-01 0.34897124186E-01 0.32918569996E-01 0.30823278058E-01 0.28727986120E-01 0.27054509428E-01 0.25381032735E-01 0.28068696460E-01 0.30756360185E-01 0.40433949562E-01 0.50111538940E-01 0.61492103710E-01 0.72872668480E-01 0.22994285123E+00 0.38701303397E+00 0.43506463816E+00 0.48311624234E+00 0.77924366253E+00 0.10753710827E+01 0.11393241914E+01 0.12032773001E+01 0.12577679631E+01
0.43797615522E-01 0.43797615522E-01 0.43797615522E-01 0.43797615522E-01 0.43797615522E-01 0.43797615522E-01 0.43797615522E-01 0.43797615522E-01 0.43797615522E-01 0.43797629326E-01 0.43797643129E-01 0.43800718231E-01 0.43803793332E-01 0.43804678392E-01 0.43805563452E-01 0.43612896587E-01 0.43420229722E-01 0.42869209739E-01 0.42318189756E-01 0.41353997934E-01 0.40389806113E-01 0.39072391291E-01 0.37754976469E-01 0.35868981997E-01 0.33982987525E-01 0.31882628768E-01 0.29782270011E-01 0.28024124747E-01 0.26265979483E-01 0.26928169088E-01 0.27590358693E-01 0.32736976758E-01 0.37883594823E-01 0.49445836382E-01 0.61008077941E-01 0.13207079817E+00 0.20313351840E+00 0.32275221489E+00 0.44237091137E+00 0.60351880749E+00 0.76466670362E+00 0.79677054858E+00 0.82887439354E+00 0.84714480703E+00
0.43797615522E-01 0.43797615522E-01 0.43797615522E-01 0.43797615522E-01 0.43797615522E-01 0.43797615522E-01 0.43797615522E-01 0.43797615522E-01 0.43797615522E-01 0.43797643129E-01 0.43797670736E-01 0.43801684821E-01 0.43805698906E-01 0.43813279937E-01 0.43820860968E-01 0.43659593447E-01 0.43498325927E-01 0.43073608186E-01 0.42648890444E-01 0.41830772392E-01 0.41012654339E-01 0.39823464450E-01 0.38634274562E-01 0.36840839808E-01 0.35047405054E-01 0.32941979477E-01 0.30836553901E-01 0.28993740066E-01 0.27150926230E-01 0.25787641716E-01 0.24424357201E-01 0.25040003954E-01 0.25655650706E-01 0.37399569055E-01 0.49143487403E-01 0.34198745118E-01 0.19254002834E-01 0.21043979162E+00 0.40162558041E+00 0.42779395245E+00 0.45396232450E+00 0.45421690572E+00 0.45447148694E+00 0.43652165100E+00
0.43797615522E-01 0.43797615522E-01 0.43797615522E-01 0.43797615522E-01 0.43797615522E-01 0.43797615522E-01 0.43797615522E-01 0.43797615522E-01 0.43797615522E-01 0.43797796689E-01 0.43797977857E-01 0.43802792929E-01 0.43807608002E-01 0.43817509382E-01 0.43827410761E-01 0.43700200224E-01 0.43572989687E-01 0.43189327306E-01 0.42805664926E-01 0.42113395208E-01 0.41421125489E-01 0.40358215926E-01 0.39295306363E-01 0.37616070826E-01 0.35936835288E-01 0.33922951750E-01 0.31909068213E-01 0.29993783823E-01 0.28078499433E-01 0.26610669172E-01 0.25142838911E-01 0.24845982888E-01 0.24549126865E-01 0.35135492535E-01 0.45721858206E-01 0.36476331864E-01 0.27230805522E-01 0.14185314927E+00 0.25647549301E+00 0.34391910658E+00 0.43136272015E+00 0.44128289164E+00 0.45120306313E+00 0.44735964645E+00
0.43797615522E-01 0.43797615522E-01 0.43797615522E-01 0.43797615522E-01 0.43797615522E-01 0.43797615522E-01 0.43797615522E-01 0.43797615522E-01 0.43797615522E-01 0.43797950250E-01 0.43798284977E-01 0.43803901038E-01 0.43809517098E-01 0.43821738826E-01 0.43833960554E-01 0.43740807001E-01 0.43647653447E-01 0.43305046427E-01 0.42962439407E-01 0.42396018024E-01 0.41829596640E-01 0.40892967402E-01 0.39956338165E-01 0.38391301843E-01 0.36826265522E-01 0.34903924023E-01 0.32981582525E-01 0.30993827580E-01 0.29006072636E-01 0.27433696629E-01 0.25861320621E-01 0.24651961822E-01 0.23442603023E-01 0.32871416016E-01 0.42300229009E-01 0.38753918609E-01 0.35207608210E-01 0.73266506916E-01 0.11132540562E+00 0.26004426071E+00 0.40876311580E+00 0.42834887756E+00 0.44793463932E+00 0.45819764190E+00
